

Insertion sort: 
1 2 3 4 5 6 7 8 9 10 11 12 13 14 15 16 17 18 19 20 21 22 23 24 25 26 27 28 29 30 31 32 33 34 35 36 37 38 39 40 41 42 43 44 45 46 47 48 49 50 51 52 53 54 55 56 57 58 59 60 61 62 63 64 65 66 67 68 69 70 71 72 73 74 75 76 77 78 79 80 81 82 83 84 85 86 87 88 89 90 91 92 93 94 95 96 97 98 99 100 

Selection sort: 
1 2 3 4 5 6 7 8 9 10 11 12 13 14 15 16 17 18 19 20 21 22 23 24 25 26 27 28 29 30 31 32 33 34 35 36 37 38 39 40 41 42 43 44 45 46 47 48 49 50 51 52 53 54 55 56 57 58 59 60 61 62 63 64 65 66 67 68 69 70 71 72 73 74 75 76 77 78 79 80 81 82 83 84 85 86 87 88 89 90 91 92 93 94 95 96 97 98 99 100 

Quicksort: 
1 2 3 4 5 6 7 8 9 10 11 12 13 14 15 16 17 18 19 20 21 22 23 24 25 26 27 28 29 30 31 32 33 34 35 36 37 38 39 40 41 42 43 44 45 46 47 48 49 50 51 52 53 54 55 56 57 58 59 60 61 62 63 64 65 66 67 68 69 70 71 72 73 74 75 76 77 78 79 80 81 82 83 84 85 86 87 88 89 90 91 92 93 94 95 96 97 98 99 100 

Heapsort sort: 
1 2 3 4 5 6 7 8 9 10 11 12 13 14 15 16 17 18 19 20 21 22 23 24 25 26 27 28 29 30 31 32 33 34 35 36 37 38 39 40 41 42 43 44 45 46 47 48 49 50 51 52 53 54 55 56 57 58 59 60 61 62 63 64 65 66 67 68 69 70 71 72 73 74 75 76 77 78 79 80 81 82 83 84 85 86 87 88 89 90 91 92 93 94 95 96 97 98 99 100 

Mergesort: 
1 2 3 4 5 6 7 8 9 10 11 12 13 14 15 16 17 18 19 20 21 22 23 24 25 26 27 28 29 30 31 32 33 34 35 36 37 38 39 40 41 42 43 44 45 46 47 48 49 50 51 52 53 54 55 56 57 58 59 60 61 62 63 64 65 66 67 68 69 70 71 72 73 74 75 76 77 78 79 80 81 82 83 84 85 86 87 88 89 90 91 92 93 94 95 96 97 98 99 100 

Binary Search: 
2 found in 0
4 found in 1
6 found in 2
8 found in 3
10 found in 4
12 found in 5
14 found in 6
16 found in 7
18 found in 8
20 found in 9
22 found in 10
24 found in 11
26 found in 12
28 found in 13
30 found in 14
32 found in 15
34 found in 16
36 found in 17
38 found in 18
40 found in 19
42 found in 20
44 found in 21
46 found in 22
48 found in 23
50 found in 24
52 found in 25
54 found in 26
56 found in 27
58 found in 28
60 found in 29
62 found in 30
64 found in 31
66 found in 32
68 found in 33
70 found in 34
72 found in 35
74 found in 36
76 found in 37
78 found in 38
80 found in 39
82 found in 40
84 found in 41
86 found in 42
88 found in 43
90 found in 44
92 found in 45
94 found in 46
96 found in 47
98 found in 48
100 found in 49
102 found in 50
104 found in 51
106 found in 52
108 found in 53
110 found in 54
112 found in 55
114 found in 56
116 found in 57
118 found in 58
120 found in 59
122 found in 60
124 found in 61
126 found in 62
128 found in 63
130 found in 64
132 found in 65
134 found in 66
136 found in 67
138 found in 68
140 found in 69
142 found in 70
144 found in 71
146 found in 72
148 found in 73
150 found in 74
152 found in 75
154 found in 76
156 found in 77
158 found in 78
160 found in 79
162 found in 80
164 found in 81
166 found in 82
168 found in 83
170 found in 84
172 found in 85
174 found in 86
176 found in 87
178 found in 88
180 found in 89
182 found in 90
184 found in 91
186 found in 92
188 found in 93
190 found in 94
192 found in 95
194 found in 96
196 found in 97
198 found in 98
200 found in 99
