OPTIMAL SOLUTION COST = 33523.7
 1 8 38 31 44 18 7 28 6 37 19 27 17 43 30 36 46 33 20 47 21 32 39 48 5 42 24 10 45 35 4 26 2 29 34 41 16 22 3 23 14 25 13 11 12 15 40 9
------------------------------------------------------
solution_cost = 157530.2
 1 2 3 4 5 6 7 8 9 10 11 12 13 14 15 16 17 18 19 20 21 22 23 24 25 26 27 28 29 30 31 32 33 34 35 36 37 38 39 40 41 42 43 44 45 46 47 48
------------------------------------------------------
1 149334.4
10000 159037.5
random_sampling 10000 iterations, cost = 107178.1
 10 36 43 27 6 19 47 5 8 16 40 24 39 45 26 35 22 17 7 30 28 33 41 44 37 12 38 46 21 32 20 4 2 14 9 31 15 3 1 18 13 23 25 42 34 11 29 48
------------------------------------------------------
solution_cost = 157530.2
 1 2 3 4 5 6 7 8 9 10 11 12 13 14 15 16 17 18 19 20 21 22 23 24 25 26 27 28 29 30 31 32 33 34 35 36 37 38 39 40 41 42 43 44 45 46 47 48
------------------------------------------------------
1 167754.3
10000 75643.6
20000 78798.1
30000 82959.4
40000 81858.1
repeated hill_climbing 45120 iterations, cost = 56573.6
 31 44 6 27 43 48 5 25 12 15 1 8 9 46 33 20 47 21 11 40 36 17 30 19 37 28 7 18 38 22 16 3 23 14 4 26 10 45 35 24 32 39 34 41 29 2 42 13
------------------------------------------------------
solution_cost = 157530.2
 1 2 3 4 5 6 7 8 9 10 11 12 13 14 15 16 17 18 19 20 21 22 23 24 25 26 27 28 29 30 31 32 33 34 35 36 37 38 39 40 41 42 43 44 45 46 47 48
------------------------------------------------------
1 153934.0
10000 48201.6
20000 49390.0
30000 51237.4
40000 47644.0
50000 52090.4
60000 43400.6
70000 40800.6
80000 46405.5
90000 40660.7
100000 51301.5
110000 45367.1
120000 46836.8
130000 45459.0
140000 44115.8
150000 43745.7
160000 50525.3
170000 44378.3
180000 39879.0
190000 42149.0
200000 44235.7
210000 42813.9
220000 42227.1
230000 44776.9
240000 39259.8
250000 44896.6
260000 40044.0
270000 40871.3
280000 42528.9
290000 45597.4
300000 40965.7
310000 38959.8
320000 41329.7
330000 44068.4
340000 39300.5
350000 38570.3
360000 37311.7
370000 40842.5
380000 39586.2
390000 39922.2
400000 40267.2
410000 40269.6
420000 37055.8
430000 40718.0
440000 38626.9
450000 39681.9
460000 39086.2
470000 41862.2
480000 35531.4
490000 37299.7
500000 35351.1
510000 40820.8
520000 42961.6
530000 37873.6
540000 37019.5
550000 37359.2
560000 37510.8
570000 38253.6
580000 37602.4
590000 40100.8
600000 37384.2
610000 38630.9
620000 36725.4
630000 39246.7
640000 40342.1
650000 39661.8
660000 38605.3
670000 38122.7
680000 36718.6
690000 39036.8
700000 35506.6
710000 36460.2
720000 36506.7
730000 36568.1
740000 37808.5
750000 35480.1
760000 36400.7
770000 35721.2
780000 35373.4
790000 36653.0
800000 35857.3
810000 35857.8
820000 36115.6
830000 36467.7
840000 35695.7
850000 36429.1
860000 36318.8
870000 34996.4
880000 37019.5
890000 35784.7
900000 36023.9
910000 35789.0
920000 36237.7
930000 36090.6
940000 36284.7
950000 36347.7
960000 36741.9
970000 35631.7
980000 36388.1
990000 35820.7
1000000 36002.8
1010000 59637.3
1020000 59310.2
1030000 47936.6
1040000 48591.5
1050000 40624.3
1060000 50566.5
1070000 51560.5
1080000 50311.8
1090000 49657.5
1100000 49242.4
1110000 40333.5
1120000 39952.3
1130000 51881.6
1140000 38871.5
1150000 48403.8
1160000 46818.4
1170000 44544.9
1180000 48558.8
1190000 40945.9
1200000 48198.9
1210000 41103.5
1220000 38673.0
1230000 39752.7
1240000 40162.5
1250000 40868.7
1260000 38950.9
1270000 41925.2
1280000 41202.8
1290000 41034.7
1300000 39343.3
1310000 40325.6
1320000 38902.2
1330000 39471.2
1340000 40694.7
1350000 38207.8
1360000 38848.6
1370000 40112.5
1380000 40851.1
1390000 41845.5
1400000 40249.7
1410000 39644.9
1420000 40382.6
1430000 41309.2
1440000 38780.4
1450000 39481.9
1460000 37249.3
1470000 35690.9
1480000 37090.6
1490000 36981.3
1500000 38571.8
1510000 37058.5
1520000 34556.6
1530000 35128.1
1540000 35636.5
1550000 37008.8
1560000 36308.0
1570000 37451.9
1580000 35584.8
1590000 35839.1
1600000 35312.6
1610000 36481.3
1620000 36608.3
1630000 36398.6
1640000 37342.9
1650000 36653.0
1660000 37654.1
1670000 36873.2
1680000 37049.1
1690000 38386.4
1700000 37065.9
1710000 37491.9
1720000 36137.5
1730000 36595.5
1740000 36089.4
1750000 36455.1
1760000 36951.7
1770000 36823.0
1780000 35302.6
1790000 37139.1
1800000 35545.8
1810000 34892.1
1820000 35136.5
1830000 35854.0
1840000 36823.8
1850000 36795.9
1860000 36800.9
1870000 35603.5
1880000 35049.0
1890000 35205.2
1900000 35592.4
1910000 35845.2
1920000 35140.9
1930000 35368.5
1940000 35588.9
1950000 34808.5
1960000 34359.0
1970000 35251.7
1980000 34966.3
1990000 34587.5
2000000 34915.0
2010000 47695.9
2020000 48617.1
2030000 43990.4
2040000 47899.7
2050000 51838.7
2060000 41174.0
2070000 43456.9
2080000 45012.6
2090000 48342.6
2100000 44256.4
2110000 44578.3
2120000 44412.3
2130000 50610.7
2140000 44072.9
2150000 42536.3
2160000 49058.9
2170000 50726.7
2180000 43915.0
2190000 43688.9
2200000 40239.2
2210000 40602.6
2220000 40708.3
2230000 41283.9
2240000 43383.0
2250000 41237.2
2260000 40623.9
2270000 39563.1
2280000 40489.2
2290000 40917.5
2300000 40682.9
2310000 44230.7
2320000 43277.2
2330000 40012.2
2340000 40019.4
2350000 39436.3
2360000 41643.9
2370000 41855.7
2380000 37187.1
2390000 36994.6
2400000 40645.3
2410000 38053.9
2420000 37528.4
2430000 38525.3
2440000 39378.6
2450000 36968.3
2460000 38995.8
2470000 39722.6
2480000 39040.5
2490000 40818.4
2500000 37389.5
2510000 35414.1
2520000 39199.2
2530000 37462.5
2540000 37358.3
2550000 38397.6
2560000 37066.3
2570000 37227.8
2580000 38918.1
2590000 39306.9
2600000 39208.2
2610000 36732.1
2620000 36314.4
2630000 37186.3
2640000 36494.9
2650000 38099.5
2660000 36845.0
2670000 36704.7
2680000 36619.0
2690000 36951.8
2700000 36658.1
2710000 37586.5
2720000 37262.5
2730000 36333.9
2740000 36799.1
2750000 38163.0
2760000 37049.7
2770000 36586.1
2780000 36144.1
2790000 36162.8
2800000 36967.2
2810000 36109.5
2820000 36524.5
2830000 36108.0
2840000 35987.0
2850000 37445.7
2860000 35580.8
2870000 35630.0
2880000 38413.1
2890000 37361.5
2900000 36006.8
2910000 37179.7
2920000 37067.7
2930000 36696.2
2940000 36786.3
2950000 37251.1
2960000 37634.5
2970000 37503.9
2980000 36951.2
2990000 37856.0
3000000 37470.1
repeated annealing 3000000 iterations, cost = 34915.0
 13 23 11 12 46 36 7 18 30 43 27 17 19 37 6 28 44 31 38 8 1 9 40 15 33 20 47 21 32 39 48 5 42 10 24 45 35 4 26 2 29 34 41 16 22 3 14 25
------------------------------------------------------
