1 50592.2
1000 54345.9
2000 53060.3
3000 53587.6
4000 54496.9
5000 51878.8
6000 54060.8
7000 56172.7
8000 51816.2
9000 50535.5
10000 54352.2
11000 52070.8
12000 53596.9
13000 54658.4
14000 51558.6
15000 54709.7
16000 51784.0
17000 52155.7
18000 58061.7
19000 52661.1
20000 49928.0
21000 54435.1
22000 52339.9
23000 56107.6
24000 54134.2
25000 56010.0
26000 52667.4
27000 54660.5
28000 52817.8
29000 54514.2
30000 52539.9
31000 54630.5
32000 51848.6
33000 58347.9
34000 54410.1
35000 56869.1
36000 53164.0
37000 53489.1
38000 55552.7
39000 54631.3
40000 54662.6
41000 58443.1
42000 53306.3
43000 54405.4
44000 53183.7
45000 57013.5
46000 50523.8
47000 52654.7
48000 52118.8
49000 56240.6
50000 50103.4
51000 52941.0
52000 52636.7
53000 51619.3
54000 54243.7
55000 55405.9
56000 59183.4
57000 55441.9
58000 53320.0
59000 54960.6
60000 52612.6
61000 54152.8
62000 53905.1
63000 55165.1
64000 51821.0
65000 54431.6
66000 54043.0
67000 54637.9
68000 54503.9
69000 53821.3
70000 53690.0
71000 53633.1
72000 53379.7
73000 54753.9
74000 54761.3
75000 55017.4
76000 52317.7
77000 54062.9
78000 50875.9
79000 54585.3
80000 52003.3
81000 54343.7
82000 50281.7
83000 57980.7
84000 52318.4
85000 52303.3
86000 56899.5
87000 51898.6
88000 53163.3
89000 52768.9
90000 56582.4
91000 54251.2
92000 56824.1
93000 54456.3
94000 53077.0
95000 54185.5
96000 50580.8
97000 53539.1
98000 54630.6
99000 53213.9
100000 54977.6
101000 54779.0
102000 54540.1
103000 51059.6
104000 52603.5
105000 57056.2
106000 53093.8
107000 53356.3
108000 54809.7
109000 53957.5
110000 52944.1
111000 54175.8
112000 50587.9
113000 54086.5
114000 52939.3
115000 54072.3
116000 53676.6
117000 54351.6
118000 53309.2
119000 54895.6
120000 53800.0
121000 54641.2
122000 54844.5
123000 52158.0
124000 51350.0
125000 55359.9
126000 53666.5
127000 55949.0
128000 52456.7
129000 55849.7
130000 49760.3
131000 54950.7
132000 55265.3
133000 52744.4
134000 55554.9
135000 55831.6
136000 51670.7
137000 55532.8
138000 55000.8
139000 53056.5
140000 52547.4
141000 51279.2
142000 52908.5
143000 53192.0
144000 53694.9
145000 55553.6
146000 55479.8
147000 51515.8
148000 55530.5
149000 52783.8
150000 52897.1
151000 48253.8
152000 56126.2
153000 55687.1
154000 53996.8
155000 52301.7
156000 53699.9
157000 54611.8
158000 55273.4
159000 50417.9
160000 54694.0
161000 51440.3
162000 55521.2
163000 55026.0
164000 53819.1
165000 51724.2
166000 54262.0
167000 50406.4
168000 56372.1
169000 53634.8
170000 52515.4
171000 53309.1
172000 52735.7
173000 51597.8
174000 52073.8
175000 53099.7
176000 49801.0
177000 56119.2
178000 53064.3
179000 55497.3
180000 54749.3
181000 51897.9
182000 53980.3
183000 52304.7
184000 55419.8
185000 53586.0
186000 54066.8
187000 54112.0
188000 56004.3
189000 53376.0
190000 56204.8
191000 53991.3
192000 55240.0
193000 53751.0
194000 55087.5
195000 55320.2
196000 54484.4
197000 54756.6
198000 53000.3
199000 55909.5
200000 53329.7
