OPTIMAL SOLUTION COST =  6528.8
 1 98 103 82 95 107 5 100 143 97 146 26 75 18 142 85 65 132 137 50 55 58 141 83 56 90 46 92 54 138 134 131 32 23 38 67 43 109 51 20 25 110 81 29 86 135 70 108 102 114 99 19 2 37 6 28 9 42 120 47 139 40 53 118 24 12 116 101 41 57 39 127 69 36 61 11 148 130 17 66 60 140 117 129 27 31 123 74 13 106 91 119 68 128 45 71 44 64 112 136 145 144 49 147 72 80 14 122 77 133 15 78 21 150 115 4 104 22 125 149 62 3 113 10 94 88 121 79 59 16 111 105 33 126 52 93 124 35 96 89 8 7 84 30 63 48 73 76 34 87
------------------------------------------------------
solution_cost = 52812.8
 1 2 3 4 5 6 7 8 9 10 11 12 13 14 15 16 17 18 19 20 21 22 23 24 25 26 27 28 29 30 31 32 33 34 35 36 37 38 39 40 41 42 43 44 45 46 47 48 49 50 51 52 53 54 55 56 57 58 59 60 61 62 63 64 65 66 67 68 69 70 71 72 73 74 75 76 77 78 79 80 81 82 83 84 85 86 87 88 89 90 91 92 93 94 95 96 97 98 99 100 101 102 103 104 105 106 107 108 109 110 111 112 113 114 115 116 117 118 119 120 121 122 123 124 125 126 127 128 129 130 131 132 133 134 135 136 137 138 139 140 141 142 143 144 145 146 147 148 149 150
------------------------------------------------------
25000 27655.9
50000 24448.1
75000 21905.9
100000 20153.7
125000 32179.7
150000 24386.0
175000 21067.2
200000 20720.6
225000 33762.8
250000 26241.0
275000 22070.2
300000 19074.3
325000 35024.8
350000 24790.1
375000 23703.4
400000 19554.2
425000 45982.1
450000 26553.3
475000 23440.3
500000 21408.8
525000 17781.6
550000 28905.9
575000 23030.7
600000 21573.6
625000 19326.1
650000 32002.5
675000 26041.6
700000 21455.3
725000 19868.0
750000 36392.3
775000 25916.8
800000 22655.0
825000 20715.1
850000 40808.5
875000 27716.7
900000 22637.3
925000 19356.2
950000 49998.8
975000 27003.5
1000000 24205.5
1025000 21806.5
1050000 19298.1
1075000 28521.7
1100000 24998.9
1125000 20838.9
1150000 20569.3
1175000 29126.3
1200000 24622.4
1225000 20691.4
1250000 19162.8
1275000 38898.1
1300000 26851.1
1325000 20771.4
1350000 19144.7
1375000 37054.8
1400000 28212.8
1425000 23557.9
1450000 20366.1
1475000 21472.7
1500000 30412.6
1525000 24501.0
1550000 21227.0
1575000 19686.4
1600000 28729.9
1625000 23839.9
1650000 22004.2
1675000 19665.2
1700000 53820.3
1725000 51382.3
random_sampling 1736250 iterations, cost = 46162.3
 104 27 94 99 18 84 128 133 70 96 88 136 21 83 22 45 125 73 115 82 142 126 80 119 42 77 25 4 139 108 135 50 5 110 19 116 146 121 117 72 48 34 76 14 54 102 43 67 71 144 140 114 38 57 28 69 74 145 86 81 9 138 92 91 66 130 51 132 137 15 3 60 131 52 56 58 39 68 13 89 32 62 40 113 127 148 101 37 85 41 149 122 61 10 103 111 20 2 78 143 35 6 123 100 93 98 97 46 109 107 64 23 24 55 118 36 95 26 47 87 63 30 75 1 59 147 7 31 134 90 29 141 65 53 44 12 105 124 79 120 16 112 33 49 129 17 11 8 106 150
------------------------------------------------------
solution_cost = 52812.8
 1 2 3 4 5 6 7 8 9 10 11 12 13 14 15 16 17 18 19 20 21 22 23 24 25 26 27 28 29 30 31 32 33 34 35 36 37 38 39 40 41 42 43 44 45 46 47 48 49 50 51 52 53 54 55 56 57 58 59 60 61 62 63 64 65 66 67 68 69 70 71 72 73 74 75 76 77 78 79 80 81 82 83 84 85 86 87 88 89 90 91 92 93 94 95 96 97 98 99 100 101 102 103 104 105 106 107 108 109 110 111 112 113 114 115 116 117 118 119 120 121 122 123 124 125 126 127 128 129 130 131 132 133 134 135 136 137 138 139 140 141 142 143 144 145 146 147 148 149 150
------------------------------------------------------
25000 28590.3
50000 23331.3
75000 21550.5
100000 19299.2
125000 31363.3
150000 24305.3
175000 21200.6
200000 19412.4
225000 30632.7
250000 25737.3
275000 22968.2
300000 20733.2
325000 32619.3
350000 28183.4
375000 23192.4
400000 19622.8
425000 39572.8
450000 28005.0
475000 23655.0
500000 23275.6
525000 19953.8
550000 28088.9
575000 25761.2
600000 22752.2
625000 19409.3
650000 30105.8
675000 26080.1
700000 22412.5
725000 19334.0
750000 35461.4
775000 26588.7
800000 21703.5
825000 21728.5
850000 40867.6
875000 26921.1
900000 23977.8
925000 22545.5
950000 45809.0
975000 29474.6
1000000 24155.9
1025000 22373.3
1050000 20055.7
1075000 30202.7
1100000 24828.6
1125000 22144.9
1150000 22870.0
1175000 33221.6
1200000 25194.2
1225000 24773.7
1250000 20138.0
1275000 35682.4
1300000 24397.0
1325000 23663.7
1350000 19925.1
1375000 39410.2
1400000 25737.0
1425000 22630.0
1450000 21387.1
1475000 17502.4
1500000 30068.0
1525000 23903.3
1550000 21222.5
1575000 19740.2
1600000 28542.8
1625000 24304.0
1650000 22304.8
1675000 20657.2
1700000 32323.2
1725000 25609.3
1750000 22401.3
1775000 19458.6
1800000 36757.6
1825000 23315.9
1850000 22214.3
1875000 22611.2
1900000 46112.6
1925000 28407.6
1950000 23943.4
1975000 19497.2
2000000 20615.6
2025000 28026.7
2050000 24562.2
2075000 21231.9
2100000 20255.0
2125000 32342.4
2150000 24230.5
2175000 23432.8
2200000 18510.6
2225000 35986.6
2250000 25462.3
2275000 22609.1
2300000 20029.3
2325000 34870.1
2350000 26874.2
2375000 23854.5
2400000 21123.7
2425000 54722.0
2450000 28786.8
2475000 24890.9
2500000 23348.2
2525000 21725.9
2550000 30378.6
2575000 25796.9
2600000 22426.7
2625000 20910.8
2650000 31997.1
2675000 24934.2
2700000 22050.6
2725000 20419.4
2750000 38735.7
2775000 24046.4
2800000 23347.8
2825000 20297.4
2850000 37059.9
2875000 24595.6
2900000 24753.7
2925000 20129.2
2950000 19453.4
2975000 27456.0
3000000 24414.2
3025000 23692.9
3050000 20553.9
3075000 29646.3
3100000 25262.8
3125000 20908.4
3150000 19026.4
3175000 34048.7
3200000 26134.1
3225000 21499.9
3250000 20852.9
3275000 33276.1
3300000 26560.2
3325000 24170.4
3350000 21077.6
3375000 47560.8
3400000 27822.7
3425000 23747.8
3450000 20632.4
3475000 19874.1
3500000 29591.4
3525000 23753.9
3550000 22695.5
3575000 19297.5
3600000 32156.6
3625000 26329.1
3650000 23449.4
3675000 19691.1
3700000 33017.3
3725000 25725.3
3750000 23502.7
3775000 21043.8
3800000 42191.5
3825000 27231.7
3850000 23290.7
3875000 20640.0
3900000 18993.4
3925000 29004.1
3950000 25626.9
3975000 20600.3
4000000 19590.8
4025000 32638.6
4050000 24090.5
4075000 21580.1
4100000 20546.8
4125000 33130.7
4150000 26274.9
4175000 23181.8
4200000 21806.2
4225000 34487.2
4250000 26194.4
4275000 23908.8
4300000 22185.7
4325000 41849.4
4350000 27118.5
4375000 22087.1
4400000 19444.5
4425000 21138.7
4450000 29158.3
4475000 22259.5
4500000 21538.7
4525000 19559.1
4550000 32920.9
4575000 24649.4
4600000 22639.2
4625000 19606.1
4650000 35811.2
4675000 27652.8
4700000 23435.4
4725000 21672.0
4750000 37487.5
4775000 26630.2
4800000 24904.3
4825000 21353.0
4850000 51896.3
4875000 26386.9
4900000 22702.5
4925000 20842.3
4950000 20760.4
4975000 28859.7
5000000 23602.7
5025000 21308.5
5050000 19986.5
5075000 35183.7
5100000 26188.6
5125000 21739.6
5150000 22437.7
5175000 36919.8
5200000 25747.3
5225000 22516.9
5250000 21472.3
5275000 39043.9
5300000 28919.6
5325000 22964.2
5350000 21779.1
5375000 18666.7
5400000 28801.3
5425000 23802.8
5450000 22944.8
5475000 19800.6
5500000 33591.1
5525000 25652.1
5550000 22376.5
5575000 19103.7
5600000 34890.2
5625000 25162.8
5650000 22360.5
5675000 21914.7
5700000 38891.7
5725000 26681.3
5750000 24549.0
5775000 21027.9
5800000 48411.5
5825000 27922.7
5850000 23970.6
5875000 21206.8
5900000 20641.1
5925000 31943.4
5950000 25773.5
5975000 21385.3
6000000 20039.5
6025000 30599.4
6050000 25995.6
6075000 21203.7
6100000 19520.6
6125000 32160.1
6150000 25307.2
6175000 23656.2
6200000 22652.7
6225000 39567.6
6250000 27979.5
6275000 24078.8
6300000 22032.5
6325000 19044.5
6350000 26442.4
6375000 24459.2
6400000 20823.9
6425000 19903.7
6450000 29979.4
6475000 23916.7
6500000 22248.8
6525000 19891.5
6550000 33552.0
6575000 24355.1
6600000 22441.7
6625000 20240.7
6650000 41758.6
6675000 27476.5
6700000 23118.2
6725000 20679.1
6750000 42601.5
6775000 28087.9
6800000 22959.5
6825000 21176.4
6850000 19525.8
6875000 28754.6
6900000 21184.1
6925000 21662.5
6950000 21445.6
6975000 36214.0
7000000 26909.8
7025000 22247.3
7050000 20539.9
7075000 34008.9
7100000 25155.1
7125000 23468.5
7150000 20438.3
7175000 37078.5
7200000 29468.1
7225000 22390.0
7250000 20813.6
7275000 50870.7
7300000 28511.9
7325000 24464.0
7350000 22206.4
7375000 18724.1
7400000 30868.5
7425000 25098.1
7450000 22444.7
7475000 19578.0
7500000 33261.4
7525000 24551.2
7550000 22658.0
7575000 19342.9
7600000 37252.2
7625000 24860.5
7650000 22524.4
7675000 20363.5
7700000 43895.2
7725000 25505.3
7750000 23485.0
7775000 21202.1
7800000 19288.1
7825000 31179.7
7850000 24837.1
7875000 22946.5
7900000 20068.3
7925000 30888.7
7950000 26524.2
7975000 21864.8
8000000 20502.0
8025000 34953.3
8050000 26990.4
8075000 20984.1
8100000 20354.4
8125000 37081.0
8150000 28425.4
8175000 22676.5
8200000 20552.8
8225000 48660.8
8250000 26052.2
8275000 26030.7
8300000 22007.6
8325000 20470.9
8350000 29547.3
8375000 25388.1
8400000 22526.8
8425000 21930.2
8450000 32546.2
8475000 24335.5
8500000 21351.1
8525000 21642.1
8550000 33672.7
8575000 26363.8
8600000 23698.3
8625000 22404.3
8650000 40777.4
8675000 28577.1
8700000 23553.6
8725000 21359.4
8750000 20447.7
8775000 30120.4
8800000 24095.1
8825000 21208.0
8850000 18886.6
8875000 30034.5
8900000 24992.0
8925000 21493.8
8950000 20167.8
8975000 30386.8
9000000 25522.3
9025000 23253.5
9050000 19404.0
9075000 35522.8
9100000 25522.3
9125000 24876.5
9150000 21161.0
9175000 39961.7
9200000 27767.8
9225000 23932.9
9250000 20630.3
9275000 22194.7
9300000 29976.7
9325000 23828.2
9350000 21915.6
9375000 20191.2
9400000 30875.6
9425000 25653.1
9450000 22962.8
9475000 20968.5
9500000 29376.7
9525000 27024.6
9550000 21107.1
9575000 22889.5
9600000 35796.0
9625000 28401.4
9650000 22887.9
9675000 22089.6
9700000 48716.9
9725000 30696.3
9750000 25112.1
9775000 22204.9
9800000 20343.0
9825000 31161.4
9850000 24896.3
9875000 23587.8
9900000 20492.9
9925000 32396.5
9950000 23473.5
9975000 23247.0
10000000 20673.3
10025000 32851.3
10050000 29022.6
repeated hill_climbing 10057500 iterations, cost = 16353.3
 26 55 137 102 47 61 150 115 87 82 95 5 62 149 100 143 89 33 54 14 123 31 117 17 66 60 130 140 74 112 44 119 68 128 59 16 92 56 58 132 50 70 108 135 86 2 81 25 46 124 8 18 85 142 97 107 103 76 73 35 52 23 49 72 4 104 91 45 71 21 78 15 77 148 11 127 67 131 133 63 34 1 98 126 39 57 41 27 129 144 145 147 122 80 32 20 110 29 9 6 28 36 69 118 24 12 43 134 93 7 84 30 96 94 121 111 105 138 90 75 65 83 141 114 99 19 37 42 120 109 51 139 40 53 116 101 38 79 88 10 113 48 3 22 125 106 13 136 64 146
------------------------------------------------------
solution_cost = 52812.8
 1 2 3 4 5 6 7 8 9 10 11 12 13 14 15 16 17 18 19 20 21 22 23 24 25 26 27 28 29 30 31 32 33 34 35 36 37 38 39 40 41 42 43 44 45 46 47 48 49 50 51 52 53 54 55 56 57 58 59 60 61 62 63 64 65 66 67 68 69 70 71 72 73 74 75 76 77 78 79 80 81 82 83 84 85 86 87 88 89 90 91 92 93 94 95 96 97 98 99 100 101 102 103 104 105 106 107 108 109 110 111 112 113 114 115 116 117 118 119 120 121 122 123 124 125 126 127 128 129 130 131 132 133 134 135 136 137 138 139 140 141 142 143 144 145 146 147 148 149 150
------------------------------------------------------
25000 44740.0
50000 45018.3
75000 44657.8
100000 49442.0
125000 44426.3
150000 43256.5
175000 45502.3
200000 46624.9
225000 43913.8
250000 44834.0
275000 43966.0
300000 47991.8
325000 47101.1
350000 41066.6
375000 42877.4
400000 44594.1
425000 44331.6
450000 41750.4
475000 44595.3
500000 44618.9
525000 45221.6
550000 48070.2
575000 41593.2
600000 44404.2
625000 41970.1
650000 45952.2
675000 42400.9
700000 42520.3
725000 41124.4
750000 43274.2
775000 40281.3
800000 44830.9
825000 43616.1
850000 46310.7
875000 42428.3
900000 39363.8
925000 38827.4
950000 38995.2
975000 39586.7
1000000 43563.0
1025000 36474.5
1050000 41977.9
1075000 37497.1
1100000 42956.0
1125000 39939.5
1150000 41566.9
1175000 43998.6
1200000 40391.7
1225000 42806.3
1250000 40289.1
1275000 38987.4
1300000 38990.4
1325000 38676.0
1350000 34017.7
1375000 36400.0
1400000 37193.3
1425000 40672.7
1450000 42134.6
1475000 40330.6
1500000 34117.7
1525000 39023.2
1550000 37800.2
1575000 30924.3
1600000 35402.6
1625000 34764.5
1650000 37432.0
1675000 31452.2
1700000 31826.7
1725000 36347.6
1750000 35477.5
1775000 32874.1
1800000 40110.7
1825000 32956.5
1850000 34022.7
1875000 31656.3
1900000 30726.0
1925000 32672.3
1950000 29046.7
1975000 30015.2
2000000 34687.8
2025000 26381.3
2050000 27048.6
2075000 26998.9
2100000 30447.9
2125000 28650.0
2150000 31949.4
2175000 28797.5
2200000 27023.1
2225000 25435.1
2250000 25351.1
2275000 27759.6
2300000 27490.1
2325000 21937.6
2350000 20967.0
2375000 22178.4
2400000 24410.6
2425000 22449.6
2450000 17077.6
2475000 16264.6
2500000 23008.1
2525000 21786.8
2550000 21344.1
2575000 20465.1
2600000 19129.5
2625000 18777.4
2650000 19010.3
2675000 21481.7
2700000 21898.5
2725000 19157.4
2750000 19621.7
2775000 17414.3
2800000 18073.5
2825000 16301.9
2850000 14871.0
2875000 14130.8
2900000 14731.7
2925000 18924.0
2950000 17702.5
2975000 13932.5
3000000 14783.4
3025000 13688.2
3050000 13482.7
3075000 12123.0
3100000 11806.6
3125000 11826.3
3150000 11886.1
3175000 11471.4
3200000 12233.3
3225000 13456.6
3250000 12674.6
3275000 11628.9
3300000 12543.5
3325000 11203.8
3350000 10323.9
3375000 11029.2
3400000 10912.0
3425000 11498.9
3450000 11222.5
3475000 10546.1
3500000 10040.6
3525000  9932.0
3550000 10062.1
3575000 10179.9
3600000 10501.9
3625000  9918.4
3650000 10032.0
3675000  9097.2
3700000  9374.0
3725000  9614.2
3750000  9766.3
3775000  9818.6
3800000  9895.7
3825000  9871.0
3850000  9320.3
3875000  9286.8
3900000  9486.1
3925000  9370.0
3950000  9755.9
3975000  9462.8
4000000  9348.8
4025000  9090.9
4050000  8778.8
4075000  8972.5
4100000  8825.9
4125000  8847.8
4150000  9012.6
4175000  9082.7
4200000  8849.2
4225000  9033.5
4250000  8508.7
4275000  8611.0
4300000  8389.9
4325000  8419.4
4350000  8177.1
4375000  8407.4
4400000  8270.5
4425000  8700.3
4450000  8309.0
4475000  8413.3
4500000  8150.7
4525000  8229.7
4550000  8185.0
4575000  8585.2
4600000  8363.7
4625000  8120.4
4650000  8198.8
4675000  7800.8
4700000  8087.3
4725000  7961.3
4750000  7808.6
4775000  7829.2
4800000  7972.6
4825000  8085.3
4850000  8089.0
4875000  8076.6
4900000  7796.0
4925000  8015.5
4950000  7814.6
4975000  7880.7
5000000  7893.2
5025000  7803.2
5050000  7813.7
5075000  7736.7
5100000  7818.6
5125000  7839.5
5150000  7795.0
5175000  7830.6
5200000  7956.8
5225000  7921.3
5250000  7663.0
5275000  7899.5
5300000  7929.8
5325000  7826.2
5350000  7835.2
5375000  7782.6
5400000  7795.7
5425000  7714.1
5450000  7815.2
5475000  7924.1
5500000  7777.9
5525000  7675.7
5550000  7644.2
5575000  7653.7
5600000  7857.9
5625000  7745.1
5650000  7800.8
5675000  7783.7
5700000  7770.8
5725000  7791.7
5750000  7795.4
5775000  7869.4
5800000  7699.2
5825000  7751.6
5850000  7614.9
5875000  7624.9
5900000  7607.7
5925000  7730.5
5950000  7679.8
5975000  7769.3
6000000  7729.0
6025000  7731.6
6050000  7606.3
6075000  7566.8
6100000  7616.6
6125000  7543.0
6150000  7540.5
6175000  7544.4
6200000  7615.2
6225000  7579.3
6250000  7537.8
6275000  7493.9
6300000  7497.5
6325000  7550.6
6350000  7574.5
6375000  7520.8
6400000  7533.2
6425000  7575.0
6450000  7527.9
6475000  7499.0
6500000  7480.1
6525000  7476.9
6550000  7503.7
6575000  7467.9
6600000  7507.6
6625000  7541.5
6650000  7525.0
6675000  7473.1
6700000  7528.4
6725000  7555.6
6750000  7512.9
6775000  7514.5
6800000  7521.2
6825000  7476.0
6850000  7484.2
6875000  7512.2
6900000  7465.4
6925000  7445.1
6950000  7432.7
6975000  7462.4
7000000  7489.6
7025000  7547.6
7050000  7453.5
7075000  7434.9
7100000  7457.8
7125000  7516.6
7150000  7460.5
7175000  7471.2
7200000  7450.1
7225000  7450.1
7250000  7439.7
7275000  7472.6
7300000  7444.0
7325000  7423.5
7350000  7441.7
7375000  7434.3
7400000  7461.9
7425000  7449.9
7450000  7491.8
7475000  7451.6
7500000  7438.8
7525000  7432.7
7550000  7459.7
7575000  7446.6
7600000  7477.1
7625000  7456.2
7650000  7458.3
7675000  7498.2
7700000  7420.5
7725000  7420.5
7750000  7434.4
7775000  7450.4
7800000  7446.9
7825000  7438.3
7850000  7435.9
7875000  7426.7
7900000  7447.4
7925000  7432.7
7950000  7440.7
7975000  7442.2
8000000  7448.3
8025000  7426.7
8050000  7425.0
8075000  7428.2
8100000  7422.6
8125000  7418.4
8150000  7426.7
8175000  7417.6
8200000  7443.1
8225000  7421.2
8250000  7435.8
8275000  7436.6
8300000  7442.7
8325000  7441.4
8350000  7428.0
8375000  7451.1
8400000  7465.3
8425000  7429.4
8450000  7448.1
8475000  7432.3
8500000  7437.5
8525000  7428.8
8550000  7425.7
8575000  7438.1
8600000  7432.1
8625000  7432.1
8650000  7431.5
8675000  7417.6
8700000  7418.9
8725000  7429.4
8750000  7418.4
8775000  7417.6
8800000  7429.4
8825000  7419.7
8850000  7421.5
8875000  7422.2
8900000  7418.4
8925000  7422.2
8950000  7420.5
8975000  7419.7
9000000  7417.6
9025000  7418.4
9050000  7418.4
9075000  7428.0
9100000  7418.4
9125000  7424.2
9150000  7420.5
9175000  7417.6
9200000  7418.9
9225000  7417.6
9250000  7419.7
9275000  7420.5
9300000  7422.8
9325000  7432.6
9350000  7417.6
9375000  7417.6
9400000  7418.9
9425000  7429.2
9450000  7417.6
9475000  7422.8
9500000  7419.7
9525000  7419.7
9550000  7417.6
9575000  7417.6
9600000  7429.9
9625000  7423.4
9650000  7422.2
9675000  7417.6
9700000  7418.4
9725000  7422.1
9750000  7422.2
9775000  7417.6
9800000  7418.9
9825000  7417.6
9850000  7421.2
9875000  7421.2
9900000  7418.4
9925000  7418.4
9950000  7417.6
9975000  7425.7
10000000  7424.2
10025000  7422.2
10050000  7419.7
10075000  7417.6
10100000  7426.7
10125000  7417.6
10150000  7418.9
10175000  7417.6
10200000  7418.4
10225000  7417.6
10250000  7418.9
10275000  7417.6
10300000  7418.4
10325000  7417.6
10350000  7424.3
10375000  7420.5
10400000  7417.6
10425000  7418.4
10450000  7423.6
10475000  7418.9
10500000  7417.6
10525000  7418.4
10550000  7422.1
10575000  7419.7
10600000  7421.5
10625000  7422.6
10650000  7417.6
10675000  7425.7
10700000  7418.4
10725000  7419.7
10750000  7417.6
10775000  7421.5
10800000  7417.6
10825000  7418.4
10850000  7417.6
10875000  7417.6
10900000  7417.6
10925000  7417.6
10950000  7417.6
10975000  7417.6
11000000  7419.7
11025000  7418.4
11050000  7419.7
11075000  7418.9
11100000  7418.9
11125000  7417.6
11150000  7418.9
11175000  7418.4
11200000  7417.6
11225000  7417.6
11250000  7417.6
11275000  7420.5
11300000  7418.4
11325000  7418.9
11350000  7417.6
11375000  7417.6
11400000  7417.6
11425000  7417.6
11450000  7418.9
11475000  7418.9
11500000  7418.9
11525000  7418.4
11550000  7419.7
11575000  7417.6
11600000  7417.6
11625000  7417.6
11650000  7417.6
11675000  7419.7
11700000  7418.4
11725000  7417.6
11750000  7418.9
11775000  7419.7
11800000  7418.4
11825000  7417.6
11850000  7418.4
11875000  7417.6
11900000  7417.6
11925000  7417.6
11950000  7418.4
11975000  7418.4
12000000  7418.4
12025000  7418.4
12050000  7417.6
12075000  7417.6
12100000  7417.6
12125000  7417.6
12150000  7417.6
12175000  7418.4
12200000  7417.6
12225000  7417.6
12250000  7417.6
12275000  7417.6
12300000  7417.6
12325000  7417.6
12350000  7417.6
12375000  7418.4
12400000  7418.4
12425000  7417.6
12450000  7417.6
12475000  7417.6
12500000  7417.6
12525000  7417.6
12550000  7417.6
12575000  7417.6
12600000  7418.4
12625000  7418.4
12650000  7417.6
12675000  7417.6
12700000  7417.6
12725000  7417.6
12750000  7417.6
12775000  7417.6
12800000  7417.6
12825000  7417.6
12850000  7417.6
12875000  7417.6
12900000  7417.6
12925000  7417.6
12950000  7417.6
12975000  7417.6
13000000  7417.6
13025000  7417.6
13050000  7417.6
13075000  7417.6
13100000  7417.6
13125000  7417.6
13150000  7417.6
13175000  7417.6
13200000  7417.6
13225000  7417.6
13250000  7417.6
13275000  7417.6
13300000  7417.6
13325000  7417.6
13350000  7418.4
13375000  7417.6
13400000  7417.6
13425000  7417.6
13450000  7418.4
13475000  7417.6
13500000  7417.6
13525000  7417.6
13550000  7417.6
13575000  7417.6
13600000  7417.6
13625000  7417.6
13650000  7417.6
13675000  7417.6
13700000  7417.6
13725000  7417.6
13750000  7417.6
13775000  7417.6
13800000  7417.6
13825000  7417.6
13850000  7417.6
13875000  7417.6
13900000  7417.6
13925000  7417.6
13950000  7417.6
13975000  7417.6
14000000  7417.6
14025000  7417.6
14050000  7417.6
14075000  7417.6
14100000  7417.6
14125000  7417.6
14150000  7417.6
14175000  7417.6
14200000  7417.6
14225000  7417.6
14250000  7417.6
14275000  7417.6
14300000  7417.6
14325000  7417.6
14350000  7417.6
14375000  7417.6
14400000  7417.6
14425000  7417.6
14450000  7417.6
14475000  7417.6
14500000  7417.6
14525000  7417.6
14550000  7417.6
14575000  7417.6
14600000  7417.6
14625000  7417.6
14650000  7417.6
14675000  7417.6
14700000  7417.6
14725000  7417.6
14750000  7417.6
14775000  7417.6
14800000  7417.6
14825000  7417.6
14850000  7417.6
14875000  7417.6
14900000  7417.6
14925000  7417.6
14950000  7417.6
14975000  7417.6
15000000  7417.6
15025000  7417.6
15050000  7417.6
15075000  7417.6
15100000  7417.6
15125000  7417.6
15150000  7417.6
15175000  7417.6
15200000  7417.6
15225000  7417.6
15250000  7417.6
15275000  7417.6
15300000  7417.6
15325000  7417.6
15350000  7417.6
15375000  7417.6
15400000  7417.6
15425000  7417.6
15450000  7417.6
15475000  7417.6
15500000  7417.6
15525000  7417.6
15550000  7417.6
15575000  7417.6
15600000  7417.6
15625000  7417.6
15650000  7417.6
15675000  7417.6
15700000  7417.6
15725000  7417.6
15750000  7417.6
15775000  7417.6
15800000  7417.6
15825000  7417.6
15850000  7417.6
15875000  7417.6
15900000  7417.6
15925000  7417.6
15950000  7417.6
15975000  7417.6
16000000  7417.6
16025000  7417.6
16050000  7417.6
16075000  7417.6
16100000  7417.6
16125000  7417.6
16150000  7417.6
16175000  7417.6
16200000  7417.6
16225000  7417.6
16250000  7417.6
16275000  7417.6
16300000  7417.6
16325000  7417.6
16350000  7417.6
16375000  7417.6
16400000  7417.6
16425000  7417.6
16450000  7417.6
16475000  7417.6
16500000  7417.6
16525000  7417.6
16550000  7417.6
16575000  7417.6
16600000  7417.6
16625000  7417.6
16650000  7417.6
16675000  7417.6
16700000  7417.6
16725000  7417.6
16750000  7417.6
16775000  7417.6
16800000  7417.6
16825000  7417.6
16850000  7417.6
16875000  7417.6
16900000  7417.6
16925000  7417.6
16950000  7417.6
16975000  7417.6
17000000  7417.6
17025000  7417.6
17050000  7417.6
17075000  7417.6
17100000  7417.6
17125000  7417.6
17150000  7417.6
17175000  7417.6
17200000  7417.6
17225000  7417.6
17250000  7417.6
17275000  7417.6
17300000  7417.6
17325000  7417.6
17350000  7417.6
17375000  7417.6
17400000  7417.6
17425000  7417.6
17450000  7417.6
17475000  7417.6
17500000  7417.6
17525000  7417.6
17550000  7417.6
17575000  7417.6
17600000  7417.6
17625000  7417.6
17650000  7417.6
17675000  7417.6
17700000  7417.6
17725000  7417.6
17750000  7417.6
17775000  7417.6
17800000  7417.6
17825000  7417.6
17850000  7417.6
17875000  7417.6
17900000  7417.6
17925000  7417.6
17950000  7417.6
17975000  7417.6
18000000  7417.6
18025000  7417.6
18050000  7417.6
18075000  7417.6
18100000  7417.6
18125000  7417.6
18150000  7417.6
18175000  7417.6
18200000  7417.6
18225000  7417.6
18250000  7417.6
18275000  7417.6
18300000  7417.6
18325000  7417.6
18350000  7417.6
18375000  7417.6
18400000  7417.6
18425000  7417.6
18450000  7417.6
18475000  7417.6
18500000  7417.6
18525000  7417.6
18550000  7417.6
18575000  7417.6
18600000  7417.6
18625000  7417.6
18650000  7417.6
18675000  7417.6
18700000  7417.6
18725000  7417.6
18750000  7417.6
18775000  7417.6
18800000  7417.6
18825000  7417.6
18850000  7417.6
18875000  7417.6
18900000  7417.6
18925000  7417.6
18950000  7417.6
18975000  7417.6
19000000  7417.6
19025000  7417.6
19050000  7417.6
19075000  7417.6
19100000  7417.6
19125000  7417.6
19150000  7417.6
19175000  7417.6
19200000  7417.6
19225000  7417.6
19250000  7417.6
19275000  7417.6
19300000  7417.6
19325000  7417.6
19350000  7417.6
19375000  7417.6
19400000  7417.6
19425000  7417.6
19450000  7417.6
19475000  7417.6
19500000  7417.6
19525000  7417.6
19550000  7417.6
19575000  7417.6
19600000  7417.6
19625000  7417.6
19650000  7417.6
19675000  7417.6
19700000  7417.6
19725000  7417.6
19750000  7417.6
19775000  7417.6
19800000  7417.6
19825000  7417.6
19850000  7417.6
19875000  7417.6
19900000  7417.6
19925000  7417.6
19950000  7417.6
19975000  7417.6
20000000  7417.6
20025000 46157.4
20050000 43707.3
20075000 43577.0
20100000 49670.1
20125000 44622.0
20150000 43233.4
20175000 46992.5
20200000 42291.5
20225000 45360.9
20250000 41323.2
20275000 42346.0
20300000 45458.7
20325000 44944.1
20350000 43908.5
20375000 42976.3
20400000 43110.3
20425000 44693.1
20450000 45680.1
20475000 39684.8
20500000 45332.4
20525000 42572.7
20550000 41000.2
20575000 41747.4
20600000 46020.9
20625000 46842.4
20650000 43591.9
20675000 45545.0
20700000 45702.3
20725000 40100.1
20750000 43458.0
20775000 44821.7
20800000 39137.5
20825000 39052.0
20850000 37395.6
20875000 43738.1
20900000 39860.6
20925000 38523.3
20950000 37879.8
20975000 40105.0
21000000 40159.1
21025000 41537.0
21050000 40567.2
21075000 37578.7
21100000 38818.7
21125000 41260.2
21150000 42408.5
21175000 38500.6
21200000 41836.0
21225000 37342.6
21250000 32626.1
21275000 39936.2
21300000 39428.2
21325000 37210.3
21350000 33627.5
21375000 38694.7
21400000 37555.7
21425000 37203.8
21450000 36175.8
21475000 35258.8
21500000 35255.7
21525000 35672.3
21550000 38504.1
21575000 32317.7
21600000 34921.7
21625000 33332.9
21650000 33187.9
21675000 35127.9
21700000 32640.1
21725000 30287.6
21750000 33224.6
21775000 32001.1
21800000 31202.5
21825000 35441.5
21850000 30201.3
21875000 32813.5
21900000 30131.6
21925000 25212.5
21950000 29034.3
21975000 30114.9
22000000 27675.8
22025000 28890.7
22050000 25917.3
22075000 32288.9
22100000 26991.8
22125000 28388.0
22150000 21199.1
22175000 26043.5
22200000 26611.9
22225000 24451.5
22250000 24342.4
22275000 23009.6
22300000 27867.1
22325000 21130.3
22350000 24335.8
22375000 24796.0
22400000 24414.9
22425000 26802.3
22450000 23225.3
22475000 20131.7
22500000 19859.3
22525000 18612.7
22550000 18431.1
22575000 17620.2
22600000 19906.6
22625000 16781.2
22650000 18641.5
22675000 17427.3
22700000 19524.2
22725000 17895.5
22750000 17454.4
22775000 18411.1
22800000 16521.3
22825000 15619.3
22850000 16088.1
22875000 15285.7
22900000 15497.6
22925000 13673.0
22950000 13026.4
22975000 11704.2
23000000 12943.2
23025000 12783.0
23050000 14605.6
23075000 13714.6
23100000 14593.9
23125000 13186.3
23150000 13326.6
23175000 11290.1
23200000 13224.3
23225000 11861.3
23250000 12616.6
23275000 11504.8
23300000 12425.4
23325000 13473.6
23350000 12873.3
23375000 13025.4
23400000 11655.5
23425000 11037.1
23450000 11005.3
23475000 11733.3
23500000 11255.2
23525000 10987.4
23550000 10385.5
23575000 10732.7
23600000 10394.2
23625000 10082.6
23650000  9879.7
23675000  9977.4
23700000 10106.9
23725000  9763.5
23750000  9893.1
23775000  9821.3
23800000 10546.0
23825000  9832.3
23850000 10523.5
23875000  9700.3
23900000  9716.7
23925000 10027.5
23950000  9714.4
23975000  9305.5
24000000  9489.8
24025000  9915.7
24050000  9669.5
24075000  9518.1
24100000  9718.3
24125000  9087.2
24150000  9297.4
24175000  9427.6
24200000  8853.6
24225000  9027.4
24250000  9216.1
24275000  8901.3
24300000  9174.8
24325000  8690.9
24350000  8836.9
24375000  8644.7
24400000  8821.0
24425000  8563.6
24450000  8986.7
24475000  9039.4
24500000  8803.8
24525000  8751.1
24550000  8401.4
24575000  8672.9
24600000  8905.4
24625000  8597.8
24650000  8732.6
24675000  8469.8
24700000  8545.8
24725000  8134.0
24750000  8280.1
24775000  8246.8
24800000  8264.5
24825000  8157.8
24850000  8164.6
24875000  8156.1
24900000  8213.6
24925000  8168.9
24950000  8333.0
24975000  8269.3
25000000  8266.6
25025000  8199.0
25050000  8273.0
25075000  8187.8
25100000  8112.5
25125000  8197.3
25150000  8134.3
25175000  8114.3
25200000  8091.7
25225000  8083.5
25250000  8087.6
25275000  8042.1
25300000  7991.5
25325000  8083.3
25350000  8073.3
25375000  8027.5
25400000  7902.3
25425000  7944.1
25450000  8002.2
25475000  7936.2
25500000  8035.5
25525000  8000.3
25550000  7976.6
25575000  7943.4
25600000  7930.1
25625000  7904.9
25650000  8011.0
25675000  7923.5
25700000  7886.6
25725000  7920.2
25750000  7950.9
25775000  7877.1
25800000  7934.2
25825000  7884.8
25850000  7839.2
25875000  7974.7
25900000  7860.3
25925000  7864.7
25950000  7827.0
25975000  7953.0
26000000  7873.3
26025000  7896.6
26050000  7855.5
26075000  7831.4
26100000  7888.1
26125000  7758.0
26150000  7891.2
26175000  7798.0
26200000  7877.0
26225000  7814.7
26250000  7844.9
26275000  7820.2
26300000  7818.5
26325000  7902.3
26350000  7780.7
26375000  7767.6
26400000  7768.3
26425000  7763.4
26450000  7807.9
26475000  7873.6
26500000  7782.4
26525000  7791.4
26550000  7813.5
26575000  7908.9
26600000  7794.3
26625000  7850.5
26650000  7774.0
26675000  7771.3
26700000  7767.7
26725000  7794.1
26750000  7804.9
26775000  7757.1
26800000  7732.0
26825000  7790.8
26850000  7785.5
26875000  7773.9
26900000  7822.1
26925000  7743.3
26950000  7752.4
26975000  7765.3
27000000  7789.3
27025000  7776.6
27050000  7787.4
27075000  7771.6
27100000  7780.4
27125000  7769.8
27150000  7734.9
27175000  7741.4
27200000  7752.4
27225000  7772.3
27250000  7758.3
27275000  7819.6
27300000  7752.1
27325000  7750.6
27350000  7755.4
27375000  7772.1
27400000  7807.6
27425000  7772.4
27450000  7754.7
27475000  7796.3
27500000  7772.9
27525000  7773.2
27550000  7754.5
27575000  7763.3
27600000  7756.4
27625000  7772.2
27650000  7735.6
27675000  7728.7
27700000  7778.7
27725000  7751.3
27750000  7785.2
27775000  7768.8
27800000  7748.2
27825000  7764.2
27850000  7756.6
27875000  7752.9
27900000  7801.9
27925000  7773.8
27950000  7749.4
27975000  7753.5
28000000  7768.5
28025000  7768.4
28050000  7746.0
28075000  7753.1
28100000  7755.0
28125000  7731.9
28150000  7725.8
28175000  7746.8
28200000  7747.8
28225000  7739.4
28250000  7736.1
28275000  7763.1
28300000  7789.0
28325000  7751.4
28350000  7754.0
28375000  7775.5
28400000  7746.5
28425000  7756.7
28450000  7736.8
28475000  7741.8
28500000  7725.9
28525000  7747.8
28550000  7764.9
28575000  7724.0
28600000  7731.2
28625000  7741.7
28650000  7757.8
28675000  7741.6
28700000  7745.4
28725000  7725.7
28750000  7749.1
28775000  7751.8
28800000  7746.7
28825000  7735.0
28850000  7728.9
28875000  7742.1
28900000  7727.4
28925000  7759.0
28950000  7725.2
28975000  7719.0
29000000  7726.8
29025000  7726.2
29050000  7734.6
29075000  7731.1
29100000  7746.7
29125000  7740.4
29150000  7738.4
29175000  7718.6
29200000  7721.4
29225000  7728.3
29250000  7739.1
29275000  7718.6
29300000  7729.1
29325000  7724.8
29350000  7732.2
29375000  7738.8
29400000  7725.4
29425000  7717.8
29450000  7722.6
29475000  7723.2
29500000  7724.1
29525000  7724.5
29550000  7722.5
29575000  7721.0
29600000  7723.2
29625000  7723.4
29650000  7721.8
29675000  7718.4
29700000  7719.8
29725000  7726.1
29750000  7721.5
29775000  7721.3
29800000  7716.7
29825000  7718.9
29850000  7725.1
29875000  7721.5
29900000  7721.4
29925000  7718.4
29950000  7729.3
29975000  7718.7
30000000  7725.8
30025000  7721.0
30050000  7729.5
30075000  7720.7
30100000  7723.0
30125000  7723.3
30150000  7725.5
30175000  7725.8
30200000  7724.0
30225000  7721.8
30250000  7719.8
30275000  7725.1
30300000  7723.6
30325000  7719.9
30350000  7716.7
30375000  7720.0
30400000  7718.6
30425000  7718.2
30450000  7717.1
30475000  7718.2
30500000  7718.2
30525000  7721.7
30550000  7721.4
30575000  7717.1
30600000  7717.1
30625000  7721.0
30650000  7716.7
30675000  7717.1
30700000  7717.1
30725000  7720.3
30750000  7718.9
30775000  7716.7
30800000  7724.0
30825000  7728.7
30850000  7718.6
30875000  7717.1
30900000  7718.2
30925000  7730.1
30950000  7718.5
30975000  7720.4
31000000  7719.9
31025000  7718.5
31050000  7717.1
31075000  7716.7
31100000  7720.0
31125000  7716.7
31150000  7716.7
31175000  7718.5
31200000  7717.1
31225000  7716.7
31250000  7717.1
31275000  7716.7
31300000  7717.1
31325000  7717.1
31350000  7716.7
31375000  7720.3
31400000  7717.1
31425000  7717.1
31450000  7717.1
31475000  7717.1
31500000  7717.1
31525000  7721.7
31550000  7716.7
31575000  7717.1
31600000  7722.7
31625000  7721.3
31650000  7716.7
31675000  7716.7
31700000  7717.1
31725000  7716.7
31750000  7716.7
31775000  7717.1
31800000  7716.7
31825000  7717.1
31850000  7718.2
31875000  7716.7
31900000  7716.7
31925000  7716.7
31950000  7716.7
31975000  7717.1
32000000  7716.7
32025000  7717.1
32050000  7717.1
32075000  7716.7
32100000  7716.7
32125000  7716.7
32150000  7720.4
32175000  7716.7
32200000  7717.1
32225000  7717.1
32250000  7716.7
32275000  7716.7
32300000  7718.2
32325000  7716.7
32350000  7716.7
32375000  7716.7
32400000  7716.7
32425000  7718.5
32450000  7717.1
32475000  7718.5
32500000  7716.7
32525000  7716.7
32550000  7718.2
32575000  7716.7
32600000  7718.5
32625000  7716.7
32650000  7716.7
32675000  7717.1
32700000  7716.7
32725000  7716.7
32750000  7717.1
32775000  7718.2
32800000  7717.1
32825000  7716.7
32850000  7717.1
32875000  7716.7
32900000  7716.7
32925000  7717.1
32950000  7716.7
32975000  7716.7
33000000  7716.7
33025000  7718.6
33050000  7718.2
33075000  7716.7
33100000  7716.7
33125000  7716.7
33150000  7716.7
33175000  7717.1
33200000  7716.7
33225000  7716.7
33250000  7717.1
33275000  7716.7
33300000  7716.7
33325000  7716.7
33350000  7716.7
33375000  7716.7
33400000  7718.2
33425000  7717.1
33450000  7716.7
33475000  7716.7
33500000  7716.7
33525000  7717.1
33550000  7716.7
33575000  7716.7
33600000  7716.7
33625000  7717.1
33650000  7716.7
33675000  7716.7
33700000  7717.1
33725000  7717.1
33750000  7717.1
33775000  7717.1
33800000  7716.7
33825000  7717.1
33850000  7717.1
33875000  7716.7
33900000  7716.7
33925000  7716.7
33950000  7716.7
33975000  7716.7
34000000  7716.7
34025000  7716.7
34050000  7716.7
34075000  7716.7
34100000  7716.7
34125000  7716.7
34150000  7716.7
34175000  7716.7
34200000  7717.1
34225000  7716.7
34250000  7716.7
34275000  7716.7
34300000  7716.7
34325000  7716.7
34350000  7716.7
34375000  7716.7
34400000  7716.7
34425000  7716.7
34450000  7716.7
34475000  7716.7
34500000  7716.7
34525000  7716.7
34550000  7716.7
34575000  7716.7
34600000  7716.7
34625000  7716.7
34650000  7716.7
34675000  7716.7
34700000  7716.7
34725000  7716.7
34750000  7716.7
34775000  7716.7
34800000  7717.1
34825000  7716.7
34850000  7716.7
34875000  7716.7
34900000  7716.7
34925000  7716.7
34950000  7716.7
34975000  7716.7
35000000  7717.1
35025000  7716.7
35050000  7716.7
35075000  7716.7
35100000  7716.7
35125000  7716.7
35150000  7716.7
35175000  7716.7
35200000  7716.7
35225000  7717.1
35250000  7716.7
35275000  7716.7
35300000  7716.7
35325000  7716.7
35350000  7717.1
35375000  7716.7
35400000  7716.7
35425000  7716.7
35450000  7716.7
35475000  7716.7
35500000  7716.7
35525000  7716.7
35550000  7716.7
35575000  7716.7
35600000  7716.7
35625000  7716.7
35650000  7716.7
35675000  7716.7
35700000  7716.7
35725000  7716.7
35750000  7716.7
35775000  7716.7
35800000  7716.7
35825000  7716.7
35850000  7716.7
35875000  7716.7
35900000  7716.7
35925000  7716.7
35950000  7716.7
35975000  7716.7
36000000  7716.7
36025000  7716.7
36050000  7716.7
36075000  7716.7
36100000  7716.7
36125000  7716.7
36150000  7716.7
36175000  7716.7
36200000  7716.7
36225000  7716.7
36250000  7716.7
36275000  7716.7
36300000  7716.7
36325000  7716.7
36350000  7716.7
36375000  7716.7
36400000  7716.7
36425000  7716.7
36450000  7716.7
36475000  7716.7
36500000  7716.7
36525000  7716.7
36550000  7716.7
36575000  7716.7
36600000  7716.7
36625000  7716.7
36650000  7716.7
36675000  7716.7
36700000  7716.7
36725000  7716.7
36750000  7716.7
36775000  7716.7
36800000  7716.7
36825000  7716.7
36850000  7716.7
36875000  7716.7
36900000  7716.7
36925000  7716.7
36950000  7716.7
36975000  7716.7
37000000  7716.7
37025000  7716.7
37050000  7716.7
37075000  7716.7
37100000  7716.7
37125000  7716.7
37150000  7716.7
37175000  7716.7
37200000  7716.7
37225000  7716.7
37250000  7716.7
37275000  7716.7
37300000  7716.7
37325000  7716.7
37350000  7716.7
37375000  7716.7
37400000  7716.7
37425000  7716.7
37450000  7716.7
37475000  7716.7
37500000  7716.7
37525000  7716.7
37550000  7716.7
37575000  7716.7
37600000  7716.7
37625000  7716.7
37650000  7716.7
37675000  7716.7
37700000  7716.7
37725000  7716.7
37750000  7716.7
37775000  7716.7
37800000  7716.7
37825000  7716.7
37850000  7716.7
37875000  7716.7
37900000  7716.7
37925000  7716.7
37950000  7716.7
37975000  7716.7
38000000  7716.7
38025000  7716.7
38050000  7716.7
38075000  7716.7
38100000  7716.7
38125000  7716.7
38150000  7716.7
38175000  7716.7
38200000  7716.7
38225000  7716.7
38250000  7716.7
38275000  7716.7
38300000  7716.7
38325000  7716.7
38350000  7716.7
38375000  7716.7
38400000  7716.7
38425000  7716.7
38450000  7716.7
38475000  7716.7
38500000  7716.7
38525000  7716.7
38550000  7716.7
38575000  7716.7
38600000  7716.7
38625000  7716.7
38650000  7716.7
38675000  7716.7
38700000  7716.7
38725000  7716.7
38750000  7716.7
38775000  7716.7
38800000  7716.7
38825000  7716.7
38850000  7716.7
38875000  7716.7
38900000  7716.7
38925000  7716.7
38950000  7716.7
38975000  7716.7
39000000  7716.7
39025000  7716.7
39050000  7716.7
39075000  7716.7
39100000  7716.7
39125000  7716.7
39150000  7716.7
39175000  7716.7
39200000  7716.7
39225000  7716.7
39250000  7716.7
39275000  7716.7
39300000  7716.7
39325000  7716.7
39350000  7716.7
39375000  7716.7
39400000  7716.7
39425000  7716.7
39450000  7716.7
39475000  7716.7
39500000  7716.7
39525000  7716.7
39550000  7716.7
39575000  7716.7
39600000  7716.7
39625000  7716.7
39650000  7716.7
39675000  7716.7
39700000  7716.7
39725000  7716.7
39750000  7716.7
39775000  7716.7
39800000  7716.7
39825000  7716.7
39850000  7716.7
39875000  7716.7
39900000  7716.7
39925000  7716.7
39950000  7716.7
39975000  7716.7
40000000  7716.7
40025000 46811.8
40050000 41724.1
40075000 45552.9
40100000 46404.3
40125000 45951.5
40150000 42564.6
40175000 45314.4
40200000 45835.2
40225000 43422.9
40250000 44385.4
40275000 41273.4
40300000 44015.4
40325000 44229.2
40350000 45509.5
40375000 41651.3
40400000 44252.2
40425000 45364.3
40450000 45015.9
40475000 42730.5
40500000 39374.4
40525000 40283.6
40550000 45119.7
40575000 44702.7
40600000 43306.1
40625000 46060.3
40650000 44543.9
40675000 45824.2
40700000 42877.8
40725000 44443.3
40750000 41330.9
40775000 43305.0
40800000 41973.1
40825000 43814.3
40850000 40259.1
40875000 41670.9
40900000 41128.4
40925000 39190.9
40950000 42468.2
40975000 41626.8
41000000 40978.3
41025000 42638.5
41050000 42682.4
41075000 38463.5
41100000 44097.3
41125000 38501.2
41150000 40036.4
41175000 39720.6
41200000 41671.0
41225000 40538.6
41250000 37132.0
41275000 40197.2
41300000 44874.5
41325000 35915.1
41350000 39301.7
41375000 38265.5
41400000 38106.5
41425000 38866.5
41450000 38942.3
41475000 38873.1
41500000 32989.4
41525000 37940.2
41550000 39271.8
41575000 38878.3
41600000 34993.8
41625000 34993.0
41650000 33349.4
41675000 39423.0
41700000 37004.8
41725000 34166.6
41750000 38524.2
41775000 32797.9
41800000 34720.6
41825000 31988.0
41850000 32226.3
41875000 32996.4
41900000 33949.8
41925000 32856.4
41950000 33529.6
41975000 29108.6
42000000 32941.4
42025000 36232.7
42050000 32169.1
42075000 30177.0
42100000 27868.4
42125000 32587.6
42150000 26299.6
42175000 31527.5
42200000 29332.1
42225000 29134.3
42250000 31257.3
42275000 30423.5
42300000 28082.9
42325000 29302.0
42350000 23373.2
42375000 25955.2
42400000 26591.7
42425000 26304.8
42450000 26442.1
42475000 27295.2
42500000 23650.1
42525000 24894.8
42550000 22514.1
42575000 25380.7
42600000 23426.7
42625000 22462.7
42650000 22008.0
42675000 25526.4
42700000 19957.4
42725000 19713.6
42750000 20848.9
42775000 19373.1
42800000 23482.3
42825000 18863.0
42850000 20433.3
42875000 17796.3
42900000 17876.0
42925000 19987.5
42950000 18209.1
42975000 16735.9
43000000 18879.4
43025000 18698.1
43050000 18231.3
43075000 14860.8
43100000 14605.4
43125000 14542.5
43150000 12898.4
43175000 13936.2
43200000 12599.7
43225000 12238.4
43250000 12080.9
43275000 14610.9
43300000 14420.5
43325000 13546.9
43350000 12920.1
43375000 11808.1
43400000 12517.0
43425000 12867.7
43450000 12562.3
43475000 12066.1
43500000 13228.7
43525000 12584.6
43550000 13389.5
43575000 12872.2
43600000 12727.5
43625000 12649.9
43650000 11182.5
43675000 11567.3
43700000 11393.4
43725000 12402.0
43750000 11952.0
43775000 11875.2
43800000 11187.8
43825000 10867.4
43850000 10216.7
43875000 10376.4
43900000 10514.9
43925000 11806.7
43950000 10790.7
43975000 10427.4
44000000 10682.3
44025000  9979.5
44050000 10074.2
44075000  9528.6
44100000  9744.2
44125000  9991.5
44150000  9726.3
44175000  9782.2
44200000  9281.7
44225000  9245.1
44250000  9116.1
44275000  9552.9
44300000  9130.2
44325000  9125.5
44350000  8739.4
44375000  9047.4
44400000  8697.9
44425000  9014.2
44450000  9003.9
44475000  8953.7
44500000  8921.9
44525000  8663.3
44550000  8900.7
44575000  8973.9
44600000  9009.5
44625000  8368.2
44650000  8085.4
44675000  7961.7
44700000  8103.1
44725000  8344.8
44750000  8348.4
44775000  8203.7
44800000  8288.3
44825000  8180.9
44850000  8206.9
44875000  8125.6
44900000  8305.2
44925000  8349.3
44950000  8026.9
44975000  8129.6
45000000  7926.8
45025000  8040.0
45050000  8184.7
45075000  8206.2
45100000  8144.1
45125000  8164.3
45150000  8247.7
45175000  8105.5
45200000  8170.7
45225000  8122.8
45250000  8057.2
45275000  8116.7
45300000  8024.2
45325000  8039.3
45350000  8212.6
45375000  8099.6
45400000  7968.7
45425000  7797.6
45450000  8006.6
45475000  8236.1
45500000  8071.5
45525000  8139.3
45550000  8050.1
45575000  8124.9
45600000  7915.2
45625000  7886.7
45650000  7972.0
45675000  7963.9
45700000  8018.7
45725000  7990.8
45750000  7824.4
45775000  7982.6
45800000  7784.0
45825000  7821.6
45850000  7869.5
45875000  7932.6
45900000  7867.8
45925000  7942.5
45950000  7976.6
45975000  7866.2
46000000  7917.9
46025000  7947.4
46050000  7874.6
46075000  7812.8
46100000  7832.8
46125000  7885.2
46150000  7868.7
46175000  7768.1
46200000  7918.3
46225000  7867.6
46250000  7857.4
46275000  7823.0
46300000  7853.0
46325000  7729.7
46350000  7779.5
46375000  7866.4
46400000  7824.2
46425000  7760.6
46450000  7780.3
46475000  7890.3
46500000  7817.1
46525000  7858.9
46550000  7903.3
46575000  7783.0
46600000  7760.7
46625000  7818.6
46650000  7799.6
46675000  7836.0
46700000  7763.9
46725000  7827.0
46750000  7788.0
46775000  7778.3
46800000  7870.5
46825000  7859.9
46850000  7816.8
46875000  7822.8
46900000  7799.7
46925000  7765.9
46950000  7850.7
46975000  7872.2
47000000  7748.8
47025000  7783.3
47050000  7738.9
47075000  7812.5
47100000  7800.5
47125000  7808.9
47150000  7854.7
47175000  7800.7
47200000  7773.4
47225000  7779.0
47250000  7738.7
47275000  7773.8
47300000  7819.9
47325000  7799.1
47350000  7835.5
47375000  7814.6
47400000  7778.9
47425000  7754.2
47450000  7777.6
47475000  7768.1
47500000  7796.1
47525000  7762.1
47550000  7816.6
47575000  7792.1
47600000  7764.5
47625000  7748.3
47650000  7720.4
47675000  7799.3
47700000  7751.6
47725000  7793.7
47750000  7747.7
47775000  7756.4
47800000  7754.8
47825000  7761.1
47850000  7731.8
47875000  7728.7
47900000  7769.8
47925000  7751.0
47950000  7769.3
47975000  7754.9
48000000  7780.0
48025000  7738.4
48050000  7729.1
48075000  7770.8
48100000  7763.5
48125000  7729.9
48150000  7750.2
48175000  7742.2
48200000  7740.0
48225000  7727.5
48250000  7741.1
48275000  7718.9
48300000  7724.5
48325000  7757.7
48350000  7732.6
48375000  7734.9
48400000  7746.5
48425000  7764.5
48450000  7748.8
48475000  7744.1
48500000  7728.3
48525000  7716.7
48550000  7722.4
48575000  7734.0
48600000  7730.4
48625000  7724.0
48650000  7752.0
48675000  7750.3
48700000  7733.0
48725000  7737.6
48750000  7740.1
48775000  7731.1
48800000  7721.6
48825000  7724.3
48850000  7726.7
48875000  7738.5
48900000  7728.1
48925000  7732.5
48950000  7715.4
48975000  7732.3
49000000  7730.4
49025000  7714.1
49050000  7716.3
49075000  7753.5
49100000  7738.6
49125000  7726.5
49150000  7723.3
49175000  7713.4
49200000  7721.4
49225000  7752.1
49250000  7724.8
49275000  7733.2
49300000  7715.8
49325000  7728.8
49350000  7716.3
49375000  7723.2
49400000  7724.3
49425000  7718.6
49450000  7714.1
49475000  7717.8
49500000  7717.4
49525000  7715.8
49550000  7732.6
49575000  7714.3
49600000  7718.6
49625000  7714.6
49650000  7727.2
49675000  7716.1
49700000  7713.6
49725000  7718.7
49750000  7722.4
49775000  7726.8
49800000  7714.3
49825000  7742.5
49850000  7731.1
49875000  7729.8
49900000  7730.7
49925000  7723.6
49950000  7732.2
49975000  7722.9
50000000  7723.1
50025000  7727.6
50050000  7723.8
50075000  7719.6
50100000  7729.5
50125000  7725.2
50150000  7719.9
50175000  7727.0
50200000  7725.1
50225000  7718.8
50250000  7728.6
50275000  7719.9
50300000  7726.8
50325000  7719.6
50350000  7735.2
50375000  7719.9
50400000  7727.2
50425000  7728.5
50450000  7723.8
50475000  7721.9
50500000  7722.8
50525000  7721.1
50550000  7721.3
50575000  7722.0
50600000  7720.3
50625000  7719.9
50650000  7718.6
50675000  7719.6
50700000  7724.7
50725000  7720.6
50750000  7718.8
50775000  7722.8
50800000  7727.6
50825000  7724.4
50850000  7720.4
50875000  7722.6
50900000  7721.1
50925000  7719.6
50950000  7721.3
50975000  7717.9
51000000  7717.9
51025000  7720.2
51050000  7721.7
51075000  7721.7
51100000  7724.6
51125000  7719.9
51150000  7721.9
51175000  7717.9
51200000  7717.9
51225000  7721.7
51250000  7721.1
51275000  7722.8
51300000  7721.6
51325000  7724.7
51350000  7724.8
51375000  7721.3
51400000  7723.6
51425000  7721.3
51450000  7718.8
51475000  7718.8
51500000  7723.3
51525000  7717.9
51550000  7723.1
51575000  7721.1
51600000  7718.8
51625000  7723.1
51650000  7721.6
51675000  7719.6
51700000  7719.9
51725000  7723.1
51750000  7717.9
51775000  7718.8
51800000  7718.6
51825000  7718.8
51850000  7718.6
51875000  7720.3
51900000  7718.8
51925000  7718.6
51950000  7718.6
51975000  7718.1
52000000  7717.9
52025000  7717.9
52050000  7718.8
52075000  7719.9
52100000  7717.9
52125000  7720.6
52150000  7720.3
52175000  7719.6
52200000  7723.6
52225000  7720.2
52250000  7720.9
52275000  7720.9
52300000  7720.4
52325000  7725.9
52350000  7720.9
52375000  7720.4
52400000  7720.4
52425000  7717.9
52450000  7717.9
52475000  7719.9
52500000  7718.1
52525000  7717.9
52550000  7719.6
52575000  7718.6
52600000  7721.1
52625000  7720.6
52650000  7718.6
52675000  7718.6
52700000  7718.6
52725000  7718.8
52750000  7718.6
52775000  7718.8
52800000  7719.6
52825000  7719.6
52850000  7717.9
52875000  7717.9
52900000  7718.1
52925000  7718.8
52950000  7718.8
52975000  7717.9
53000000  7717.9
53025000  7718.1
53050000  7719.9
53075000  7717.9
53100000  7717.9
53125000  7717.9
53150000  7717.9
53175000  7717.9
53200000  7717.9
53225000  7718.1
53250000  7717.9
53275000  7718.1
53300000  7718.1
53325000  7718.1
53350000  7717.9
53375000  7718.1
53400000  7717.9
53425000  7719.6
53450000  7717.9
53475000  7717.9
53500000  7717.9
53525000  7718.1
53550000  7717.9
53575000  7718.1
53600000  7718.1
53625000  7717.9
53650000  7717.9
53675000  7721.1
53700000  7717.9
53725000  7717.9
53750000  7717.9
53775000  7717.9
53800000  7717.9
53825000  7718.6
53850000  7718.6
53875000  7717.9
53900000  7717.9
53925000  7718.1
53950000  7718.1
53975000  7717.9
54000000  7717.9
54025000  7717.9
54050000  7718.1
54075000  7717.9
54100000  7717.9
54125000  7717.9
54150000  7718.1
54175000  7717.9
54200000  7717.9
54225000  7717.9
54250000  7718.1
54275000  7718.1
54300000  7718.1
54325000  7718.1
54350000  7718.1
54375000  7718.1
54400000  7717.9
54425000  7717.9
54450000  7717.9
54475000  7718.1
54500000  7717.9
54525000  7718.1
54550000  7718.1
54575000  7717.9
54600000  7717.9
54625000  7718.1
54650000  7717.9
54675000  7718.1
54700000  7718.1
54725000  7718.1
54750000  7717.9
54775000  7718.1
54800000  7718.1
54825000  7717.9
54850000  7717.9
54875000  7717.9
54900000  7717.9
54925000  7717.9
54950000  7717.9
54975000  7717.9
55000000  7718.1
55025000  7717.9
55050000  7717.9
55075000  7717.9
55100000  7717.9
55125000  7717.9
55150000  7717.9
55175000  7717.9
55200000  7717.9
55225000  7717.9
55250000  7718.1
55275000  7717.9
55300000  7717.9
55325000  7717.9
55350000  7718.1
55375000  7717.9
55400000  7717.9
55425000  7717.9
55450000  7717.9
55475000  7718.1
55500000  7718.1
55525000  7717.9
55550000  7717.9
55575000  7717.9
55600000  7717.9
55625000  7717.9
55650000  7717.9
55675000  7717.9
55700000  7718.1
55725000  7717.9
55750000  7717.9
55775000  7717.9
55800000  7718.1
55825000  7717.9
55850000  7717.9
55875000  7717.9
55900000  7717.9
55925000  7717.9
55950000  7717.9
55975000  7717.9
56000000  7717.9
56025000  7717.9
56050000  7717.9
56075000  7717.9
56100000  7717.9
56125000  7717.9
56150000  7717.9
56175000  7717.9
56200000  7717.9
56225000  7717.9
56250000  7717.9
56275000  7717.9
56300000  7717.9
56325000  7717.9
56350000  7717.9
56375000  7717.9
56400000  7717.9
56425000  7717.9
56450000  7717.9
56475000  7717.9
56500000  7717.9
56525000  7717.9
56550000  7717.9
56575000  7717.9
56600000  7717.9
56625000  7717.9
56650000  7717.9
56675000  7717.9
56700000  7717.9
56725000  7717.9
56750000  7717.9
56775000  7717.9
56800000  7717.9
56825000  7717.9
56850000  7717.9
56875000  7717.9
56900000  7717.9
56925000  7717.9
56950000  7717.9
56975000  7717.9
57000000  7717.9
57025000  7717.9
57050000  7717.9
57075000  7717.9
57100000  7717.9
57125000  7717.9
57150000  7717.9
57175000  7717.9
57200000  7717.9
57225000  7717.9
57250000  7717.9
57275000  7717.9
57300000  7717.9
57325000  7717.9
57350000  7717.9
57375000  7717.9
57400000  7717.9
57425000  7717.9
57450000  7717.9
57475000  7717.9
57500000  7717.9
57525000  7717.9
57550000  7717.9
57575000  7717.9
57600000  7717.9
57625000  7717.9
57650000  7717.9
57675000  7717.9
57700000  7717.9
57725000  7717.9
57750000  7717.9
57775000  7717.9
57800000  7717.9
57825000  7717.9
57850000  7717.9
57875000  7717.9
57900000  7717.9
57925000  7717.9
57950000  7717.9
57975000  7717.9
58000000  7717.9
58025000  7717.9
58050000  7717.9
58075000  7717.9
58100000  7717.9
58125000  7717.9
58150000  7717.9
58175000  7717.9
58200000  7717.9
58225000  7717.9
58250000  7717.9
58275000  7717.9
58300000  7717.9
58325000  7717.9
58350000  7717.9
58375000  7717.9
58400000  7717.9
58425000  7717.9
58450000  7717.9
58475000  7717.9
58500000  7717.9
58525000  7717.9
58550000  7717.9
58575000  7717.9
58600000  7717.9
58625000  7717.9
58650000  7717.9
58675000  7717.9
58700000  7717.9
58725000  7717.9
58750000  7717.9
58775000  7717.9
58800000  7717.9
58825000  7717.9
58850000  7717.9
58875000  7717.9
58900000  7717.9
58925000  7717.9
58950000  7717.9
58975000  7717.9
59000000  7717.9
59025000  7717.9
59050000  7717.9
59075000  7717.9
59100000  7717.9
59125000  7717.9
59150000  7717.9
59175000  7717.9
59200000  7717.9
59225000  7717.9
59250000  7717.9
59275000  7717.9
59300000  7717.9
59325000  7717.9
59350000  7717.9
59375000  7717.9
59400000  7717.9
59425000  7717.9
59450000  7717.9
59475000  7717.9
59500000  7717.9
59525000  7717.9
59550000  7717.9
59575000  7717.9
59600000  7717.9
59625000  7717.9
59650000  7717.9
59675000  7717.9
59700000  7717.9
59725000  7717.9
59750000  7717.9
59775000  7717.9
59800000  7717.9
59825000  7717.9
59850000  7717.9
59875000  7717.9
59900000  7717.9
59925000  7717.9
59950000  7717.9
59975000  7717.9
60000000  7717.9
60025000 44409.0
60050000 45026.4
60075000 45256.2
60100000 47720.2
60125000 46165.3
60150000 47395.9
60175000 47997.4
60200000 46787.5
60225000 42982.8
60250000 45015.0
60275000 49122.0
60300000 45133.4
60325000 43758.0
60350000 43788.0
60375000 47072.2
60400000 47879.5
60425000 42086.8
60450000 40830.3
60475000 41976.0
60500000 44486.7
60525000 47095.9
60550000 43003.2
60575000 43747.2
60600000 44901.7
60625000 41867.0
60650000 40405.4
60675000 42653.5
60700000 40681.9
60725000 47819.9
60750000 40426.1
60775000 40157.6
60800000 45863.2
60825000 43135.7
60850000 41391.3
60875000 42190.6
60900000 36820.6
60925000 44231.9
60950000 42023.8
60975000 41795.4
61000000 43539.4
61025000 39068.9
61050000 40335.4
61075000 41458.9
61100000 36980.9
61125000 39918.8
61150000 42581.2
61175000 37552.3
61200000 41683.2
61225000 42107.7
61250000 41766.4
61275000 39052.2
61300000 40210.1
61325000 39834.9
61350000 39660.6
61375000 40884.7
61400000 40521.7
61425000 39352.4
61450000 37160.9
61475000 35221.0
61500000 37492.8
61525000 38857.9
61550000 36447.3
61575000 37544.0
61600000 34717.2
61625000 35635.2
61650000 37130.6
61675000 35289.2
61700000 36710.3
61725000 34040.3
61750000 36038.0
61775000 33648.9
61800000 34660.3
61825000 32556.2
61850000 33594.3
61875000 32827.1
61900000 35557.3
61925000 34649.8
61950000 34314.6
61975000 32728.6
62000000 33103.6
62025000 28140.6
62050000 37014.2
62075000 29535.3
62100000 32182.2
62125000 27782.4
62150000 30979.3
62175000 27976.3
62200000 26500.2
62225000 25958.6
62250000 28570.7
62275000 28425.0
62300000 29589.9
62325000 28115.2
62350000 25489.2
62375000 29346.0
62400000 25418.0
62425000 23502.2
62450000 27268.2
62475000 26056.6
62500000 24237.1
62525000 25401.0
62550000 25500.3
62575000 26437.8
62600000 21127.9
62625000 22311.3
62650000 22870.0
62675000 24068.7
62700000 26675.5
62725000 23662.8
62750000 20785.3
62775000 19633.3
62800000 16287.7
62825000 16889.7
62850000 16516.4
62875000 14939.2
62900000 16865.6
62925000 19671.1
62950000 18201.4
62975000 16990.7
63000000 17025.1
63025000 17109.6
63050000 15271.7
63075000 15062.1
63100000 14154.3
63125000 12590.7
63150000 13293.1
63175000 12812.5
63200000 13118.8
63225000 11991.3
63250000 12208.5
63275000 12764.7
63300000 12539.0
63325000 13248.7
63350000 12591.1
63375000 11614.4
63400000 12341.4
63425000 12251.9
63450000 11510.7
63475000 12220.9
63500000 11467.6
63525000 11292.7
63550000 11254.6
63575000 12055.1
63600000 10790.1
63625000 10296.9
63650000 10832.5
63675000 10960.1
63700000 10206.5
63725000 10099.9
63750000 10292.9
63775000  9921.4
63800000  9235.6
63825000  9109.3
63850000  9085.2
63875000  9531.9
63900000  9439.5
63925000  8977.2
63950000  8958.9
63975000  9813.0
64000000  9204.3
64025000  9053.3
64050000  8639.5
64075000  9365.8
64100000  9024.3
64125000  8765.6
64150000  8849.9
64175000  8966.0
64200000  9019.0
64225000  8788.0
64250000  8719.8
64275000  9045.3
64300000  8537.5
64325000  8331.5
64350000  8967.3
64375000  8583.4
64400000  8622.2
64425000  8721.5
64450000  8852.0
64475000  9412.8
64500000  8975.7
64525000  8606.4
64550000  8626.2
64575000  9206.9
64600000  8727.5
64625000  8512.6
64650000  8533.9
64675000  8511.2
64700000  8337.6
64725000  8381.9
64750000  8449.8
64775000  8464.8
64800000  8182.3
64825000  8246.4
64850000  8643.8
64875000  8391.0
64900000  8431.0
64925000  8499.7
64950000  8421.3
64975000  8290.8
65000000  8568.9
65025000  8429.9
65050000  8777.2
65075000  8478.2
65100000  8268.0
65125000  8220.8
65150000  8493.0
65175000  8063.0
65200000  8072.3
65225000  8145.7
65250000  8358.5
65275000  7971.0
65300000  8199.9
65325000  7946.0
65350000  8189.3
65375000  8139.2
65400000  8126.0
65425000  8166.6
65450000  7986.6
65475000  8018.1
65500000  8064.6
65525000  7911.2
65550000  8203.6
65575000  8112.3
65600000  7975.4
65625000  8025.0
65650000  7812.5
65675000  7863.6
65700000  7914.3
65725000  7907.7
65750000  7917.0
65775000  7963.5
65800000  8037.7
65825000  8036.2
65850000  7982.2
65875000  7891.8
65900000  7880.1
65925000  7968.5
65950000  7917.7
65975000  7881.4
66000000  7936.9
66025000  7903.8
66050000  7837.9
66075000  7835.7
66100000  7840.1
66125000  7807.0
66150000  7748.2
66175000  7727.1
66200000  7724.3
66225000  7823.1
66250000  7841.5
66275000  7898.4
66300000  7796.4
66325000  7809.3
66350000  7721.1
66375000  7742.5
66400000  7754.7
66425000  7741.6
66450000  7756.4
66475000  7821.9
66500000  7726.2
66525000  7718.3
66550000  7805.3
66575000  7772.2
66600000  7774.3
66625000  7829.0
66650000  7689.7
66675000  7741.9
66700000  7734.6
66725000  7721.2
66750000  7715.7
66775000  7767.1
66800000  7780.2
66825000  7746.8
66850000  7820.6
66875000  7735.6
66900000  7795.9
66925000  7734.5
66950000  7815.4
66975000  7769.3
67000000  7725.4
67025000  7788.2
67050000  7753.3
67075000  7740.3
67100000  7776.2
67125000  7724.1
67150000  7728.7
67175000  7740.8
67200000  7747.8
67225000  7752.8
67250000  7809.7
67275000  7717.9
67300000  7759.4
67325000  7749.5
67350000  7784.7
67375000  7749.3
67400000  7764.1
67425000  7751.6
67450000  7826.4
67475000  7709.4
67500000  7710.3
67525000  7683.2
67550000  7720.8
67575000  7688.8
67600000  7705.3
67625000  7665.0
67650000  7769.3
67675000  7702.0
67700000  7717.9
67725000  7744.5
67750000  7725.8
67775000  7688.8
67800000  7698.2
67825000  7702.3
67850000  7701.3
67875000  7730.1
67900000  7731.4
67925000  7695.0
67950000  7698.8
67975000  7719.3
68000000  7675.1
68025000  7687.6
68050000  7715.2
68075000  7709.9
68100000  7729.6
68125000  7683.4
68150000  7702.0
68175000  7685.2
68200000  7689.9
68225000  7697.6
68250000  7699.4
68275000  7684.6
68300000  7697.8
68325000  7716.7
68350000  7717.9
68375000  7684.6
68400000  7688.8
68425000  7676.8
68450000  7689.2
68475000  7706.7
68500000  7712.8
68525000  7679.5
68550000  7700.0
68575000  7686.9
68600000  7678.1
68625000  7689.0
68650000  7678.1
68675000  7712.6
68700000  7677.3
68725000  7677.3
68750000  7676.1
68775000  7689.5
68800000  7690.5
68825000  7690.7
68850000  7702.0
68875000  7676.8
68900000  7676.5
68925000  7700.7
68950000  7672.4
68975000  7676.0
69000000  7672.4
69025000  7677.8
69050000  7683.4
69075000  7683.7
69100000  7681.2
69125000  7677.8
69150000  7672.7
69175000  7672.4
69200000  7678.5
69225000  7694.4
69250000  7674.8
69275000  7674.8
69300000  7678.1
69325000  7680.1
69350000  7690.0
69375000  7674.6
69400000  7683.7
69425000  7680.1
69450000  7680.2
69475000  7687.2
69500000  7686.0
69525000  7682.6
69550000  7685.0
69575000  7683.4
69600000  7681.5
69625000  7674.6
69650000  7678.1
69675000  7680.2
69700000  7677.5
69725000  7672.7
69750000  7679.5
69775000  7684.4
69800000  7672.4
69825000  7685.1
69850000  7672.4
69875000  7672.4
69900000  7677.7
69925000  7676.0
69950000  7679.9
69975000  7681.8
70000000  7672.4
70025000  7672.7
70050000  7672.4
70075000  7679.6
70100000  7672.7
70125000  7672.4
70150000  7672.4
70175000  7672.4
70200000  7676.0
70225000  7679.6
70250000  7672.4
70275000  7672.4
70300000  7672.4
70325000  7672.4
70350000  7676.1
70375000  7672.4
70400000  7672.4
70425000  7672.4
70450000  7672.7
70475000  7677.8
70500000  7676.0
70525000  7672.7
70550000  7672.7
70575000  7690.6
70600000  7656.8
70625000  7656.8
70650000  7660.4
70675000  7656.8
70700000  7656.8
70725000  7656.8
70750000  7660.4
70775000  7657.1
70800000  7657.1
70825000  7657.1
70850000  7665.7
70875000  7665.8
70900000  7656.8
70925000  7662.9
70950000  7657.1
70975000  7657.1
71000000  7657.1
71025000  7656.8
71050000  7656.8
71075000  7657.1
71100000  7656.8
71125000  7656.8
71150000  7656.8
71175000  7656.8
71200000  7661.7
71225000  7657.1
71250000  7661.9
71275000  7660.9
71300000  7661.2
71325000  7660.9
71350000  7660.9
71375000  7661.9
71400000  7656.8
71425000  7656.8
71450000  7657.1
71475000  7656.8
71500000  7656.8
71525000  7656.8
71550000  7657.1
71575000  7656.8
71600000  7656.8
71625000  7657.1
71650000  7656.8
71675000  7657.1
71700000  7657.1
71725000  7656.8
71750000  7660.7
71775000  7657.1
71800000  7657.1
71825000  7656.8
71850000  7656.8
71875000  7657.1
71900000  7657.1
71925000  7657.1
71950000  7656.8
71975000  7657.1
72000000  7657.1
72025000  7656.8
72050000  7656.8
72075000  7656.8
72100000  7656.8
72125000  7657.1
72150000  7656.8
72175000  7657.1
72200000  7656.8
72225000  7656.8
72250000  7656.8
72275000  7656.8
72300000  7656.8
72325000  7657.1
72350000  7657.1
72375000  7656.8
72400000  7656.8
72425000  7657.1
72450000  7656.8
72475000  7657.1
72500000  7656.8
72525000  7656.8
72550000  7656.8
72575000  7656.8
72600000  7656.8
72625000  7657.1
72650000  7656.8
72675000  7657.1
72700000  7656.8
72725000  7657.1
72750000  7657.1
72775000  7656.8
72800000  7656.8
72825000  7656.8
72850000  7656.8
72875000  7656.8
72900000  7656.8
72925000  7656.8
72950000  7657.1
72975000  7657.1
73000000  7656.8
73025000  7657.1
73050000  7657.1
73075000  7657.1
73100000  7656.8
73125000  7657.1
73150000  7657.1
73175000  7656.8
73200000  7656.8
73225000  7656.8
73250000  7656.8
73275000  7656.8
73300000  7657.1
73325000  7657.1
73350000  7656.8
73375000  7656.8
73400000  7657.1
73425000  7656.8
73450000  7656.8
73475000  7656.8
73500000  7656.8
73525000  7656.8
73550000  7657.1
73575000  7656.8
73600000  7656.8
73625000  7657.1
73650000  7656.8
73675000  7656.8
73700000  7657.1
73725000  7656.8
73750000  7656.8
73775000  7656.8
73800000  7657.1
73825000  7656.8
73850000  7656.8
73875000  7656.8
73900000  7657.1
73925000  7657.1
73950000  7656.8
73975000  7656.8
74000000  7657.1
74025000  7656.8
74050000  7656.8
74075000  7656.8
74100000  7657.1
74125000  7656.8
74150000  7656.8
74175000  7656.8
74200000  7656.8
74225000  7656.8
74250000  7656.8
74275000  7657.1
74300000  7656.8
74325000  7656.8
74350000  7656.8
74375000  7656.8
74400000  7656.8
74425000  7656.8
74450000  7657.1
74475000  7656.8
74500000  7656.8
74525000  7656.8
74550000  7656.8
74575000  7656.8
74600000  7656.8
74625000  7656.8
74650000  7656.8
74675000  7656.8
74700000  7657.1
74725000  7656.8
74750000  7656.8
74775000  7656.8
74800000  7656.8
74825000  7656.8
74850000  7656.8
74875000  7656.8
74900000  7656.8
74925000  7656.8
74950000  7656.8
74975000  7656.8
75000000  7657.1
75025000  7656.8
75050000  7656.8
75075000  7656.8
75100000  7656.8
75125000  7656.8
75150000  7656.8
75175000  7656.8
75200000  7656.8
75225000  7657.1
75250000  7656.8
75275000  7656.8
75300000  7656.8
75325000  7656.8
75350000  7656.8
75375000  7656.8
75400000  7656.8
75425000  7656.8
75450000  7656.8
75475000  7656.8
75500000  7656.8
75525000  7656.8
75550000  7656.8
75575000  7656.8
75600000  7656.8
75625000  7656.8
75650000  7656.8
75675000  7656.8
75700000  7656.8
75725000  7656.8
75750000  7656.8
75775000  7656.8
75800000  7656.8
75825000  7656.8
75850000  7656.8
75875000  7656.8
75900000  7656.8
75925000  7656.8
75950000  7656.8
75975000  7656.8
76000000  7656.8
76025000  7656.8
76050000  7656.8
76075000  7656.8
76100000  7656.8
76125000  7656.8
76150000  7656.8
76175000  7656.8
76200000  7656.8
76225000  7656.8
76250000  7656.8
76275000  7656.8
76300000  7656.8
76325000  7656.8
76350000  7656.8
76375000  7656.8
76400000  7656.8
76425000  7656.8
76450000  7656.8
76475000  7656.8
76500000  7656.8
76525000  7656.8
76550000  7656.8
76575000  7656.8
76600000  7656.8
76625000  7656.8
76650000  7656.8
76675000  7656.8
76700000  7656.8
76725000  7656.8
76750000  7656.8
76775000  7656.8
76800000  7656.8
76825000  7656.8
76850000  7656.8
76875000  7656.8
76900000  7656.8
76925000  7656.8
76950000  7656.8
76975000  7656.8
77000000  7656.8
77025000  7656.8
77050000  7656.8
77075000  7656.8
77100000  7656.8
77125000  7656.8
77150000  7656.8
77175000  7656.8
77200000  7656.8
77225000  7656.8
77250000  7656.8
77275000  7656.8
77300000  7656.8
77325000  7656.8
77350000  7656.8
77375000  7656.8
77400000  7656.8
77425000  7656.8
77450000  7656.8
77475000  7656.8
77500000  7656.8
77525000  7656.8
77550000  7656.8
77575000  7656.8
77600000  7656.8
77625000  7656.8
77650000  7656.8
77675000  7656.8
77700000  7656.8
77725000  7656.8
77750000  7656.8
77775000  7656.8
77800000  7656.8
77825000  7656.8
77850000  7656.8
77875000  7656.8
77900000  7656.8
77925000  7656.8
77950000  7656.8
77975000  7656.8
78000000  7656.8
78025000  7656.8
78050000  7656.8
78075000  7656.8
78100000  7656.8
78125000  7656.8
78150000  7656.8
78175000  7656.8
78200000  7656.8
78225000  7656.8
78250000  7656.8
78275000  7656.8
78300000  7656.8
78325000  7656.8
78350000  7656.8
78375000  7656.8
78400000  7656.8
78425000  7656.8
78450000  7656.8
78475000  7656.8
78500000  7656.8
78525000  7656.8
78550000  7656.8
78575000  7656.8
78600000  7656.8
78625000  7656.8
78650000  7656.8
78675000  7656.8
78700000  7656.8
78725000  7656.8
78750000  7656.8
78775000  7656.8
78800000  7656.8
78825000  7656.8
78850000  7656.8
78875000  7656.8
78900000  7656.8
78925000  7656.8
78950000  7656.8
78975000  7656.8
79000000  7656.8
79025000  7656.8
79050000  7656.8
79075000  7656.8
79100000  7656.8
79125000  7656.8
79150000  7656.8
79175000  7656.8
79200000  7656.8
79225000  7656.8
79250000  7656.8
79275000  7656.8
79300000  7656.8
79325000  7656.8
79350000  7656.8
79375000  7656.8
79400000  7656.8
79425000  7656.8
79450000  7656.8
79475000  7656.8
79500000  7656.8
79525000  7656.8
79550000  7656.8
79575000  7656.8
79600000  7656.8
79625000  7656.8
79650000  7656.8
79675000  7656.8
79700000  7656.8
79725000  7656.8
79750000  7656.8
79775000  7656.8
79800000  7656.8
79825000  7656.8
79850000  7656.8
79875000  7656.8
79900000  7656.8
79925000  7656.8
79950000  7656.8
79975000  7656.8
80000000  7656.8
80025000 43429.2
80050000 45785.6
80075000 46555.2
80100000 49935.1
80125000 46098.1
80150000 42431.8
80175000 43531.4
80200000 43277.0
80225000 44726.5
80250000 44462.3
80275000 42468.2
80300000 43624.6
80325000 44849.9
80350000 46455.8
80375000 44245.0
80400000 44591.6
80425000 46685.3
80450000 47306.4
80475000 45133.8
80500000 42719.6
80525000 40245.3
80550000 41156.0
80575000 43018.0
80600000 43258.6
80625000 41877.1
80650000 44889.0
80675000 45319.4
80700000 45957.4
80725000 38787.8
80750000 41198.0
80775000 43798.6
80800000 39460.0
80825000 41020.0
80850000 43210.2
80875000 42154.2
80900000 42787.6
80925000 37914.4
80950000 38536.7
80975000 41337.4
81000000 41789.3
81025000 41478.7
81050000 39916.4
81075000 40012.9
81100000 39563.7
81125000 41421.9
81150000 38495.2
81175000 41362.8
81200000 36005.3
81225000 39561.8
81250000 40328.2
81275000 37143.0
81300000 39359.2
81325000 38409.6
81350000 38618.4
81375000 44178.3
81400000 40417.4
81425000 36155.8
81450000 41670.8
81475000 35264.4
81500000 36630.5
81525000 36484.1
81550000 33506.4
81575000 42091.6
81600000 30362.3
81625000 39434.7
81650000 36569.1
81675000 36528.6
81700000 39273.7
81725000 35098.2
81750000 37238.0
81775000 33665.7
81800000 33490.8
81825000 35112.2
81850000 37295.5
81875000 34384.7
81900000 35933.6
81925000 33918.9
81950000 34527.5
81975000 32804.8
82000000 33331.8
82025000 30182.4
82050000 31499.4
82075000 30300.7
82100000 35732.5
82125000 33786.4
82150000 30804.8
82175000 28057.9
82200000 29839.7
82225000 29212.4
82250000 27232.8
82275000 29523.6
82300000 29313.7
82325000 24640.9
82350000 28028.8
82375000 21487.4
82400000 27817.0
82425000 27707.6
82450000 22803.8
82475000 27036.9
82500000 26339.8
82525000 22290.0
82550000 23838.0
82575000 20907.7
82600000 24673.7
82625000 23338.4
82650000 20834.2
82675000 19448.0
82700000 21738.4
82725000 20576.2
82750000 19783.7
82775000 19908.8
82800000 21107.2
82825000 20454.9
82850000 18766.5
82875000 20633.1
82900000 21872.3
82925000 20034.6
82950000 18817.4
82975000 18393.7
83000000 18158.8
83025000 18647.1
83050000 18651.6
83075000 17413.3
83100000 15758.7
83125000 14008.3
83150000 14051.6
83175000 14343.5
83200000 14253.2
83225000 16573.1
83250000 16820.4
83275000 14784.7
83300000 13924.8
83325000 13177.2
83350000 13374.3
83375000 13725.1
83400000 15439.5
83425000 14016.8
83450000 14708.1
83475000 12819.2
83500000 12023.8
83525000 13252.3
83550000 11817.3
83575000 12310.3
83600000 13378.1
83625000 13187.9
83650000 11571.5
83675000 12430.9
83700000 10880.4
83725000 11522.9
83750000 10931.9
83775000 10374.7
83800000  9781.6
83825000  9824.3
83850000  9997.9
83875000 10140.4
83900000 10313.5
83925000 10496.8
83950000 10186.3
83975000  9793.6
84000000  9891.2
84025000 10231.3
84050000  9966.9
84075000 10009.2
84100000  9571.1
84125000  8992.7
84150000  8723.6
84175000  8688.0
84200000  9007.1
84225000  8540.6
84250000  8840.5
84275000  9059.6
84300000  9118.5
84325000  9124.1
84350000  8949.4
84375000  8634.8
84400000  9053.5
84425000  9416.5
84450000  8456.9
84475000  8450.8
84500000  8580.6
84525000  8471.4
84550000  8479.7
84575000  8352.6
84600000  7992.7
84625000  8132.6
84650000  8116.2
84675000  8159.0
84700000  8411.6
84725000  8458.4
84750000  8430.0
84775000  8093.1
84800000  7997.7
84825000  7881.3
84850000  7977.2
84875000  7739.5
84900000  7602.6
84925000  7795.0
84950000  7622.9
84975000  7559.4
85000000  7779.5
85025000  7732.6
85050000  7627.0
85075000  7629.1
85100000  7643.0
85125000  7689.2
85150000  7477.0
85175000  7568.8
85200000  7761.4
85225000  7630.6
85250000  7641.9
85275000  7707.7
85300000  7530.7
85325000  7605.2
85350000  7577.4
85375000  7585.0
85400000  7684.0
85425000  7782.0
85450000  7629.8
85475000  7574.9
85500000  7612.5
85525000  7528.7
85550000  7565.2
85575000  7724.6
85600000  7676.7
85625000  7582.5
85650000  7425.2
85675000  7540.9
85700000  7501.3
85725000  7509.9
85750000  7400.9
85775000  7396.6
85800000  7383.9
85825000  7306.3
85850000  7365.3
85875000  7408.5
85900000  7280.6
85925000  7329.8
85950000  7384.8
85975000  7443.8
86000000  7367.3
86025000  7429.9
86050000  7429.8
86075000  7400.2
86100000  7313.0
86125000  7386.7
86150000  7338.0
86175000  7396.2
86200000  7350.6
86225000  7439.2
86250000  7397.3
86275000  7454.5
86300000  7398.1
86325000  7306.0
86350000  7292.0
86375000  7334.9
86400000  7350.3
86425000  7291.1
86450000  7375.8
86475000  7293.9
86500000  7328.4
86525000  7317.4
86550000  7293.3
86575000  7273.8
86600000  7318.6
86625000  7285.8
86650000  7320.5
86675000  7284.1
86700000  7280.3
86725000  7365.0
86750000  7369.8
86775000  7389.0
86800000  7299.4
86825000  7290.0
86850000  7338.1
86875000  7328.4
86900000  7279.5
86925000  7329.4
86950000  7305.0
86975000  7268.5
87000000  7306.7
87025000  7309.2
87050000  7257.3
87075000  7267.8
87100000  7308.7
87125000  7327.1
87150000  7287.5
87175000  7308.8
87200000  7385.9
87225000  7311.5
87250000  7243.1
87275000  7286.3
87300000  7269.5
87325000  7278.4
87350000  7282.4
87375000  7230.1
87400000  7243.6
87425000  7228.5
87450000  7243.1
87475000  7319.8
87500000  7262.0
87525000  7289.8
87550000  7266.6
87575000  7270.3
87600000  7274.1
87625000  7235.2
87650000  7234.9
87675000  7220.4
87700000  7234.1
87725000  7236.7
87750000  7245.8
87775000  7244.2
87800000  7231.1
87825000  7231.6
87850000  7231.4
87875000  7243.2
87900000  7260.7
87925000  7224.7
87950000  7252.7
87975000  7239.5
88000000  7257.2
88025000  7237.4
88050000  7227.3
88075000  7246.5
88100000  7258.1
88125000  7239.5
88150000  7228.7
88175000  7212.1
88200000  7232.4
88225000  7228.0
88250000  7250.5
88275000  7218.8
88300000  7208.5
88325000  7233.6
88350000  7230.7
88375000  7233.7
88400000  7219.8
88425000  7219.0
88450000  7257.7
88475000  7240.3
88500000  7237.4
88525000  7234.1
88550000  7235.9
88575000  7246.4
88600000  7240.7
88625000  7222.2
88650000  7222.8
88675000  7251.9
88700000  7224.5
88725000  7241.9
88750000  7232.4
88775000  7220.0
88800000  7218.4
88825000  7240.7
88850000  7227.6
88875000  7229.4
88900000  7235.4
88925000  7244.3
88950000  7232.2
88975000  7248.7
89000000  7225.5
89025000  7221.7
89050000  7226.4
89075000  7229.9
89100000  7210.7
89125000  7216.9
89150000  7216.9
89175000  7218.8
89200000  7226.5
89225000  7223.2
89250000  7214.0
89275000  7211.2
89300000  7219.8
89325000  7212.9
89350000  7217.3
89375000  7217.3
89400000  7219.8
89425000  7221.8
89450000  7215.2
89475000  7215.5
89500000  7208.5
89525000  7224.3
89550000  7207.6
89575000  7211.3
89600000  7223.9
89625000  7207.6
89650000  7207.6
89675000  7212.9
89700000  7207.6
89725000  7208.5
89750000  7210.5
89775000  7219.8
89800000  7210.7
89825000  7214.0
89850000  7210.4
89875000  7213.8
89900000  7211.3
89925000  7213.8
89950000  7208.5
89975000  7208.5
90000000  7210.5
90025000  7234.7
90050000  7217.7
90075000  7216.8
90100000  7215.9
90125000  7207.6
90150000  7219.5
90175000  7214.2
90200000  7212.5
90225000  7215.3
90250000  7222.8
90275000  7217.7
90300000  7213.4
90325000  7217.7
90350000  7216.2
90375000  7213.4
90400000  7212.5
90425000  7212.5
90450000  7220.0
90475000  7226.6
90500000  7213.4
90525000  7212.5
90550000  7218.1
90575000  7213.4
90600000  7212.5
90625000  7212.5
90650000  7212.5
90675000  7212.5
90700000  7212.5
90725000  7221.5
90750000  7215.3
90775000  7213.4
90800000  7215.3
90825000  7213.4
90850000  7212.5
90875000  7212.5
90900000  7213.4
90925000  7212.5
90950000  7212.5
90975000  7213.4
91000000  7215.3
91025000  7213.4
91050000  7212.5
91075000  7213.4
91100000  7213.4
91125000  7212.5
91150000  7212.5
91175000  7212.5
91200000  7216.2
91225000  7212.5
91250000  7213.4
91275000  7212.5
91300000  7215.3
91325000  7212.5
91350000  7216.2
91375000  7212.5
91400000  7212.5
91425000  7212.5
91450000  7213.4
91475000  7213.4
91500000  7215.3
91525000  7213.4
91550000  7215.3
91575000  7212.5
91600000  7212.5
91625000  7213.4
91650000  7213.4
91675000  7212.5
91700000  7212.5
91725000  7213.4
91750000  7213.4
91775000  7215.3
91800000  7212.5
91825000  7213.4
91850000  7212.5
91875000  7212.5
91900000  7212.5
91925000  7212.5
91950000  7213.4
91975000  7212.5
92000000  7212.5
92025000  7212.5
92050000  7212.5
92075000  7212.5
92100000  7212.5
92125000  7212.5
92150000  7212.5
92175000  7212.5
92200000  7212.5
92225000  7212.5
92250000  7212.5
92275000  7212.5
92300000  7212.5
92325000  7213.4
92350000  7213.4
92375000  7212.5
92400000  7213.4
92425000  7212.5
92450000  7212.5
92475000  7212.5
92500000  7212.5
92525000  7212.5
92550000  7212.5
92575000  7212.5
92600000  7212.5
92625000  7212.5
92650000  7212.5
92675000  7212.5
92700000  7213.4
92725000  7212.5
92750000  7212.5
92775000  7212.5
92800000  7212.5
92825000  7212.5
92850000  7212.5
92875000  7213.4
92900000  7212.5
92925000  7212.5
92950000  7212.5
92975000  7212.5
93000000  7212.5
93025000  7212.5
93050000  7212.5
93075000  7212.5
93100000  7212.5
93125000  7212.5
93150000  7212.5
93175000  7212.5
93200000  7212.5
93225000  7212.5
93250000  7212.5
93275000  7212.5
93300000  7212.5
93325000  7212.5
93350000  7212.5
93375000  7212.5
93400000  7212.5
93425000  7212.5
93450000  7212.5
93475000  7212.5
93500000  7212.5
93525000  7212.5
93550000  7212.5
93575000  7212.5
93600000  7212.5
93625000  7212.5
93650000  7212.5
93675000  7212.5
93700000  7212.5
93725000  7212.5
93750000  7212.5
93775000  7212.5
93800000  7212.5
93825000  7212.5
93850000  7212.5
93875000  7212.5
93900000  7212.5
93925000  7212.5
93950000  7212.5
93975000  7212.5
94000000  7212.5
94025000  7212.5
94050000  7212.5
94075000  7212.5
94100000  7212.5
94125000  7212.5
94150000  7212.5
94175000  7212.5
94200000  7212.5
94225000  7212.5
94250000  7212.5
94275000  7212.5
94300000  7212.5
94325000  7212.5
94350000  7212.5
94375000  7212.5
94400000  7212.5
94425000  7212.5
94450000  7212.5
94475000  7212.5
94500000  7212.5
94525000  7212.5
94550000  7212.5
94575000  7212.5
94600000  7212.5
94625000  7212.5
94650000  7212.5
94675000  7212.5
94700000  7212.5
94725000  7212.5
94750000  7212.5
94775000  7212.5
94800000  7212.5
94825000  7212.5
94850000  7212.5
94875000  7212.5
94900000  7212.5
94925000  7212.5
94950000  7212.5
94975000  7212.5
95000000  7212.5
95025000  7212.5
95050000  7212.5
95075000  7212.5
95100000  7212.5
95125000  7212.5
95150000  7212.5
95175000  7212.5
95200000  7212.5
95225000  7212.5
95250000  7212.5
95275000  7212.5
95300000  7212.5
95325000  7212.5
95350000  7212.5
95375000  7212.5
95400000  7212.5
95425000  7212.5
95450000  7212.5
95475000  7212.5
95500000  7212.5
95525000  7212.5
95550000  7212.5
95575000  7212.5
95600000  7212.5
95625000  7212.5
95650000  7212.5
95675000  7212.5
95700000  7212.5
95725000  7212.5
95750000  7212.5
95775000  7212.5
95800000  7212.5
95825000  7212.5
95850000  7212.5
95875000  7212.5
95900000  7212.5
95925000  7212.5
95950000  7212.5
95975000  7212.5
96000000  7212.5
96025000  7212.5
96050000  7212.5
96075000  7212.5
96100000  7212.5
96125000  7212.5
96150000  7212.5
96175000  7212.5
96200000  7212.5
96225000  7212.5
96250000  7212.5
96275000  7212.5
96300000  7212.5
96325000  7212.5
96350000  7212.5
96375000  7212.5
96400000  7212.5
96425000  7212.5
96450000  7212.5
96475000  7212.5
96500000  7212.5
96525000  7212.5
96550000  7212.5
96575000  7212.5
96600000  7212.5
96625000  7212.5
96650000  7212.5
96675000  7212.5
96700000  7212.5
96725000  7212.5
96750000  7212.5
96775000  7212.5
96800000  7212.5
96825000  7212.5
96850000  7212.5
96875000  7212.5
96900000  7212.5
96925000  7212.5
96950000  7212.5
96975000  7212.5
97000000  7212.5
97025000  7212.5
97050000  7212.5
97075000  7212.5
97100000  7212.5
97125000  7212.5
97150000  7212.5
97175000  7212.5
97200000  7212.5
97225000  7212.5
97250000  7212.5
97275000  7212.5
97300000  7212.5
97325000  7212.5
97350000  7212.5
97375000  7212.5
97400000  7212.5
97425000  7212.5
97450000  7212.5
97475000  7212.5
97500000  7212.5
97525000  7212.5
97550000  7212.5
97575000  7212.5
97600000  7212.5
97625000  7212.5
97650000  7212.5
97675000  7212.5
97700000  7212.5
97725000  7212.5
97750000  7212.5
97775000  7212.5
97800000  7212.5
97825000  7212.5
97850000  7212.5
97875000  7212.5
97900000  7212.5
97925000  7212.5
97950000  7212.5
97975000  7212.5
98000000  7212.5
98025000  7212.5
98050000  7212.5
98075000  7212.5
98100000  7212.5
98125000  7212.5
98150000  7212.5
98175000  7212.5
98200000  7212.5
98225000  7212.5
98250000  7212.5
98275000  7212.5
98300000  7212.5
98325000  7212.5
98350000  7212.5
98375000  7212.5
98400000  7212.5
98425000  7212.5
98450000  7212.5
98475000  7212.5
98500000  7212.5
98525000  7212.5
98550000  7212.5
98575000  7212.5
98600000  7212.5
98625000  7212.5
98650000  7212.5
98675000  7212.5
98700000  7212.5
98725000  7212.5
98750000  7212.5
98775000  7212.5
98800000  7212.5
98825000  7212.5
98850000  7212.5
98875000  7212.5
98900000  7212.5
98925000  7212.5
98950000  7212.5
98975000  7212.5
99000000  7212.5
99025000  7212.5
99050000  7212.5
99075000  7212.5
99100000  7212.5
99125000  7212.5
99150000  7212.5
99175000  7212.5
99200000  7212.5
99225000  7212.5
99250000  7212.5
99275000  7212.5
99300000  7212.5
99325000  7212.5
99350000  7212.5
99375000  7212.5
99400000  7212.5
99425000  7212.5
99450000  7212.5
99475000  7212.5
99500000  7212.5
99525000  7212.5
99550000  7212.5
99575000  7212.5
99600000  7212.5
99625000  7212.5
99650000  7212.5
99675000  7212.5
99700000  7212.5
99725000  7212.5
99750000  7212.5
99775000  7212.5
99800000  7212.5
99825000  7212.5
99850000  7212.5
99875000  7212.5
99900000  7212.5
99925000  7212.5
99950000  7212.5
99975000  7212.5
100000000  7212.5
repeated annealing 100000000 iterations, cost =  7212.5
 50 135 86 29 81 110 20 51 134 138 46 54 92 105 111 15 78 21 44 64 112 136 13 106 91 119 68 128 45 71 115 150 4 104 22 125 149 62 3 113 10 48 63 30 7 34 73 76 87 1 98 103 82 95 107 5 100 143 97 124 8 84 89 96 35 93 146 26 75 18 142 85 65 132 137 70 108 102 114 99 19 2 37 6 28 9 42 120 47 139 40 53 118 69 36 61 11 127 24 12 43 109 67 131 32 23 38 116 101 41 57 39 130 148 17 66 60 140 117 129 27 31 123 74 145 144 147 49 72 80 14 122 77 133 16 59 79 121 88 94 52 126 33 56 83 90 25 141 58 55
------------------------------------------------------
