150
1 37 541
2 612 494
3 38 353
4 53 131
5 143 631
6 689 468
7 112 529
8 141 504
9 661 445
10 98 384
11 697 180
12 536 287
13 192 20
14 282 229
15 240 281
16 246 322
17 649 62
18 352 666
19 633 534
20 488 437
21 141 228
22 17 240
23 397 231
24 565 282
25 475 468
26 322 550
27 397 74
28 672 432
29 571 530
30 104 482
31 356 67
32 400 253
33 282 426
34 58 507
35 189 460
36 659 226
37 639 467
38 415 233
39 547 161
40 616 339
41 494 148
42 629 433
43 471 314
44 138 137
45 91 110
46 390 423
47 565 429
48 54 438
49 334 153
50 531 612
51 475 385
52 228 410
53 578 321
54 358 404
55 486 593
56 343 509
57 530 137
58 498 576
59 224 312
60 595 81
61 661 217
62 43 305
63 79 445
64 210 130
65 432 629
66 623 69
67 436 282
68 59 40
69 630 230
70 579 601
71 117 112
72 297 166
73 22 455
74 259 10
75 342 599
76 10 488
77 315 273
78 220 270
79 192 314
80 271 225
81 530 504
82 42 656
83 396 539
84 118 508
85 395 699
86 559 560
87 22 526
88 135 325
89 141 485
90 396 460
91 87 19
92 350 420
93 216 466
94 130 351
95 72 645
96 144 457
97 212 594
98 49 541
99 656 558
100 176 648
101 500 198
102 634 612
103 59 551
104 15 143
105 283 376
106 146 39
107 101 635
108 588 580
109 457 350
110 537 472
111 269 367
112 239 102
113 88 384
114 658 583
115 97 157
116 506 233
117 500 64
118 594 275
119 66 24
120 598 414
121 172 344
122 299 251
123 303 21
124 197 512
125 56 243
126 255 448
127 608 222
128 70 77
129 398 119
130 635 133
131 378 272
132 484 677
133 278 299
134 381 360
135 557 595
136 249 76
137 562 670
138 398 392
139 590 370
140 558 0
141 461 530
142 354 685
143 193 669
144 352 140
145 308 115
146 299 530
147 334 152
148 690 134
149 48 270
150 91 166
150
1
98
103
82
95
107
5
100
143
97
146
26
75
18
142
85
65
132
137
50
55
58
141
83
56
90
46
92
54
138
134
131
32
23
38
67
43
109
51
20
25
110
81
29
86
135
70
108
102
114
99
19
2
37
6
28
9
42
120
47
139
40
53
118
24
12
116
101
41
57
39
127
69
36
61
11
148
130
17
66
60
140
117
129
27
31
123
74
13
106
91
119
68
128
45
71
44
64
112
136
145
144
49
147
72
80
14
122
77
133
15
78
21
150
115
4
104
22
125
149
62
3
113
10
94
88
121
79
59
16
111
105
33
126
52
93
124
35
96
89
8
7
84
30
63
48
73
76
34
87
-1
