1 50479.5
500 41213.8
1000 37509.9
1500 31716.0
2000 28503.9
2500 27617.7
3000 27094.5
3500 26407.0
4000 25405.9
4500 24219.1
5000 23462.8
5500 23105.0
6000 22666.5
6500 21912.6
7000 21521.1
7500 20708.6
8000 20383.3
8500 20300.7
9000 20009.6
9500 19731.3
10000 19681.2
10500 19477.1
11000 19369.0
11500 40918.2
12000 35873.1
12500 33738.8
13000 30370.4
13500 28924.3
14000 27828.5
14500 26941.1
15000 26502.5
15500 25271.2
16000 25047.9
16500 24312.9
17000 23878.2
17500 23184.8
18000 22717.3
18500 22373.2
19000 22016.0
19500 21832.2
20000 21769.1
20500 21505.7
21000 21355.7
21500 21291.5
22000 21177.6
22500 43328.6
23000 36302.6
23500 34557.3
24000 31629.4
24500 28834.6
25000 27655.9
25500 27350.0
26000 25825.3
26500 25712.8
27000 24818.4
27500 24684.6
28000 24469.9
28500 23927.3
29000 23042.9
29500 21969.4
30000 21655.1
30500 21437.8
31000 21065.0
31500 20611.2
32000 20334.7
32500 20238.2
33000 20138.7
33500 20010.1
34000 44072.6
34500 36629.3
35000 32361.6
35500 31402.8
36000 29804.4
36500 28356.1
37000 26339.5
37500 25802.1
38000 25354.2
38500 24729.8
39000 23281.7
39500 22444.6
40000 21403.1
40500 21045.2
41000 20995.9
41500 20578.4
42000 20431.0
42500 20091.7
43000 19589.6
43500 19044.7
44000 18824.9
44500 18328.4
45000 40476.7
45500 35451.2
46000 32891.5
46500 30729.0
47000 29625.8
47500 27658.6
48000 26925.4
48500 25686.1
49000 25172.0
49500 24682.8
50000 24448.1
50500 23339.7
51000 23122.3
51500 22866.2
52000 22652.8
52500 22056.6
53000 21703.8
53500 21432.8
54000 21244.5
54500 21076.8
55000 20599.2
55500 20599.2
56000 50351.1
56500 44104.0
57000 37041.2
57500 33977.3
58000 30739.4
58500 29473.4
59000 28780.6
59500 26452.1
60000 24662.7
60500 23615.3
61000 22419.8
61500 21680.3
62000 21200.3
62500 21175.9
63000 21001.4
63500 20814.8
64000 20576.7
64500 20461.7
65000 20058.0
65500 19886.0
66000 19773.3
66500 19435.9
67000 19183.0
67500 37861.1
68000 34735.9
68500 31453.9
69000 29851.5
69500 28823.0
70000 28253.2
70500 26996.3
71000 25910.0
71500 24793.3
72000 24447.4
72500 24227.3
73000 22965.2
73500 22777.7
74000 22253.4
74500 22084.2
75000 21905.9
75500 21331.0
76000 20677.9
76500 20196.9
77000 19963.6
77500 19586.7
78000 19415.9
78500 42570.0
79000 36076.2
79500 32522.5
80000 30528.7
80500 28680.4
81000 27863.8
81500 26612.0
82000 26393.7
82500 25513.1
83000 25052.2
83500 24802.3
84000 24267.1
84500 24023.8
85000 23665.5
85500 22940.5
86000 22499.6
86500 22126.1
87000 21943.5
87500 21667.9
88000 21497.8
88500 21023.7
89000 20759.0
89500 49638.4
90000 36446.4
90500 35117.0
91000 32093.0
91500 31179.0
92000 30129.2
92500 28088.9
93000 27497.7
93500 27341.7
94000 26574.1
94500 25854.6
95000 25117.6
95500 24232.7
96000 23516.6
96500 22669.6
97000 21687.4
97500 21286.0
98000 20971.9
98500 20971.9
99000 20603.5
99500 20251.1
100000 20153.7
100500 19985.1
