OPTIMAL SOLUTION COST =  6528.8
 1 98 103 82 95 107 5 100 143 97 146 26 75 18 142 85 65 132 137 50 55 58 141 83 56 90 46 92 54 138 134 131 32 23 38 67 43 109 51 20 25 110 81 29 86 135 70 108 102 114 99 19 2 37 6 28 9 42 120 47 139 40 53 118 24 12 116 101 41 57 39 127 69 36 61 11 148 130 17 66 60 140 117 129 27 31 123 74 13 106 91 119 68 128 45 71 44 64 112 136 145 144 49 147 72 80 14 122 77 133 15 78 21 150 115 4 104 22 125 149 62 3 113 10 94 88 121 79 59 16 111 105 33 126 52 93 124 35 96 89 8 7 84 30 63 48 73 76 34 87
------------------------------------------------------
solution_cost = 52812.8
 1 2 3 4 5 6 7 8 9 10 11 12 13 14 15 16 17 18 19 20 21 22 23 24 25 26 27 28 29 30 31 32 33 34 35 36 37 38 39 40 41 42 43 44 45 46 47 48 49 50 51 52 53 54 55 56 57 58 59 60 61 62 63 64 65 66 67 68 69 70 71 72 73 74 75 76 77 78 79 80 81 82 83 84 85 86 87 88 89 90 91 92 93 94 95 96 97 98 99 100 101 102 103 104 105 106 107 108 109 110 111 112 113 114 115 116 117 118 119 120 121 122 123 124 125 126 127 128 129 130 131 132 133 134 135 136 137 138 139 140 141 142 143 144 145 146 147 148 149 150
------------------------------------------------------
10000 19681.2
20000 21769.1
30000 21655.1
40000 21403.1
50000 24448.1
60000 24662.7
70000 28253.2
80000 30528.7
90000 36446.4
100000 20153.7
110000 20670.6
120000 23015.6
130000 23438.0
140000 22874.6
150000 24386.0
160000 25614.6
170000 28454.4
180000 32574.2
190000 53111.0
200000 20720.6
210000 19232.3
220000 23729.8
230000 23721.1
240000 22388.1
250000 26241.0
260000 25479.5
270000 30530.4
280000 37266.2
290000 19638.9
300000 19074.3
310000 21832.3
320000 20499.1
330000 23852.3
340000 25434.5
350000 24790.1
360000 30737.9
370000 35283.8
380000 51268.2
390000 19171.6
400000 19554.2
410000 22462.7
420000 22123.5
430000 26789.5
440000 27566.6
450000 26553.3
460000 33103.7
470000 38062.3
480000 19984.6
490000 19500.6
500000 21408.8
510000 20916.0
520000 21347.6
530000 22472.9
540000 24553.1
550000 28905.9
560000 34188.6
570000 49349.9
580000 20094.9
590000 21374.3
600000 21573.6
610000 23906.8
620000 22714.1
630000 24705.5
640000 26248.7
650000 32002.5
660000 43624.9
670000 19704.9
680000 19607.1
690000 21121.9
700000 21455.3
710000 24200.5
720000 22407.2
730000 27280.7
740000 28634.0
750000 36392.3
760000 48087.4
770000 20025.8
780000 21860.1
790000 21678.8
800000 22655.0
810000 24130.0
820000 25115.1
830000 26166.7
840000 30877.9
850000 40808.5
860000 20463.8
870000 22730.7
880000 22429.1
890000 21412.1
900000 22637.3
910000 23281.3
920000 25115.1
930000 28134.9
940000 31096.5
950000 49998.8
960000 20177.4
970000 21596.1
980000 22040.4
990000 21680.8
1000000 24205.5
1010000 26153.3
1020000 30212.7
1030000 31831.0
1040000 38906.8
1050000 19298.1
1060000 19915.3
1070000 21081.0
1080000 21997.8
1090000 23749.2
1100000 24998.9
1110000 27582.5
1120000 26916.2
1130000 32497.5
1140000 47402.8
1150000 20569.3
1160000 21314.2
1170000 20827.6
1180000 20330.9
1190000 25222.7
1200000 24622.4
1210000 27794.9
1220000 29582.4
1230000 38676.8
1240000 19930.2
1250000 19162.8
1260000 21856.8
1270000 21481.6
1280000 23155.6
1290000 26257.6
1300000 26851.1
1310000 28786.1
1320000 29069.5
1330000 46678.2
1340000 19975.5
1350000 19144.7
1360000 21204.0
1370000 21936.6
1380000 22224.1
1390000 24988.7
1400000 28212.8
1410000 27869.3
1420000 36110.0
1430000 20423.3
1440000 21135.1
1450000 20366.1
1460000 22678.7
1470000 24377.3
1480000 24761.3
1490000 28083.4
1500000 30412.6
1510000 33084.0
1520000 44707.8
1530000 21383.3
1540000 19161.9
1550000 21227.0
1560000 23694.8
1570000 22605.3
1580000 25706.6
1590000 27124.3
1600000 28729.9
1610000 35419.6
1620000 19657.2
1630000 20372.0
1640000 22204.0
1650000 22004.2
1660000 22770.6
1670000 23478.9
1680000 51349.9
random_sampling 1686250 iterations, cost = 46616.1
 71 16 87 34 33 89 43 145 14 101 62 133 24 10 146 29 70 84 21 27 85 28 135 66 51 50 30 105 56 42 81 6 65 76 79 75 18 137 129 2 130 82 8 107 67 57 116 131 148 136 86 3 20 11 35 98 69 80 77 83 141 92 15 114 12 37 19 96 38 61 117 128 41 53 23 97 1 90 91 59 134 95 25 9 47 147 73 113 125 4 48 149 115 99 93 52 55 103 132 49 54 45 72 13 108 26 123 88 5 112 64 31 122 138 102 110 126 94 142 74 7 139 111 144 140 104 106 44 17 60 120 100 22 39 127 118 124 68 119 46 109 78 40 36 63 58 143 32 121 150
------------------------------------------------------
solution_cost = 52812.8
 1 2 3 4 5 6 7 8 9 10 11 12 13 14 15 16 17 18 19 20 21 22 23 24 25 26 27 28 29 30 31 32 33 34 35 36 37 38 39 40 41 42 43 44 45 46 47 48 49 50 51 52 53 54 55 56 57 58 59 60 61 62 63 64 65 66 67 68 69 70 71 72 73 74 75 76 77 78 79 80 81 82 83 84 85 86 87 88 89 90 91 92 93 94 95 96 97 98 99 100 101 102 103 104 105 106 107 108 109 110 111 112 113 114 115 116 117 118 119 120 121 122 123 124 125 126 127 128 129 130 131 132 133 134 135 136 137 138 139 140 141 142 143 144 145 146 147 148 149 150
------------------------------------------------------
10000 22132.0
20000 22778.0
30000 22227.4
40000 22980.5
50000 24076.2
60000 25762.3
70000 27182.5
80000 33300.5
90000 39479.6
100000 19660.1
110000 19921.7
120000 20860.8
130000 20985.1
140000 23597.1
150000 23590.4
160000 25430.2
170000 29064.0
180000 34358.6
190000 53328.1
200000 22140.7
210000 20899.7
220000 22452.7
230000 22166.1
240000 22851.4
250000 25687.5
260000 28875.7
270000 30193.9
280000 42268.0
290000 19095.5
300000 19751.3
310000 21925.8
320000 23658.2
330000 22386.4
340000 25164.1
350000 25591.7
360000 28511.4
370000 33256.7
380000 54971.0
390000 19609.0
400000 20661.0
410000 20615.5
420000 20840.8
430000 23651.4
440000 25378.3
450000 27173.7
460000 30209.8
470000 36569.6
480000 18604.1
490000 23769.1
500000 20542.3
510000 23868.1
520000 23005.7
530000 24451.8
540000 25857.2
550000 28974.1
560000 32712.3
570000 51187.3
580000 20400.2
590000 23885.2
600000 21798.4
610000 21249.5
620000 24251.2
630000 25118.1
640000 27095.3
650000 31025.3
660000 41291.9
670000 21561.8
680000 20360.7
690000 22249.5
700000 23170.4
710000 23772.7
720000 25572.6
730000 26390.8
740000 27446.0
750000 31742.2
760000 50998.8
770000 18620.4
780000 20434.1
790000 21718.1
800000 24223.6
810000 23634.2
820000 23558.6
830000 26916.0
840000 29709.3
850000 41279.8
860000 20201.2
870000 17620.3
880000 22162.3
890000 23862.0
900000 23288.7
910000 26283.6
920000 26866.7
930000 28533.4
940000 35843.1
950000 47594.8
960000 20194.8
970000 21671.2
980000 20602.3
990000 22849.2
1000000 24574.6
1010000 23320.0
1020000 26803.3
1030000 30461.9
1040000 38929.1
1050000 18233.0
1060000 20120.3
1070000 20651.3
1080000 22886.5
1090000 23555.2
1100000 25110.8
1110000 26799.1
1120000 27836.7
1130000 34353.1
1140000 47711.5
1150000 21188.4
1160000 21146.3
1170000 20141.8
1180000 22838.9
1190000 23329.3
1200000 25281.0
1210000 27579.4
1220000 32060.4
1230000 33950.8
1240000 18857.7
1250000 21218.2
1260000 19875.8
1270000 23611.8
1280000 22731.6
1290000 24839.9
1300000 26357.5
1310000 28739.7
1320000 33152.9
1330000 51592.8
1340000 18972.7
1350000 20182.4
1360000 22419.1
1370000 23432.3
1380000 22832.6
1390000 26832.5
1400000 27450.6
1410000 32280.2
1420000 39749.6
1430000 21201.7
1440000 20357.8
1450000 22573.3
1460000 20958.4
1470000 23048.6
1480000 25377.3
1490000 24186.0
1500000 29497.3
1510000 32738.1
1520000 48573.3
1530000 20281.6
1540000 21061.5
1550000 21020.0
1560000 21469.4
1570000 24036.6
1580000 24114.4
1590000 26689.5
1600000 28624.9
1610000 38142.7
1620000 19205.1
1630000 19457.6
1640000 21206.9
1650000 20495.0
1660000 22574.7
1670000 26481.5
repeated hill_climbing 1676250 iterations, cost = 16929.8
 107 143 56 25 141 65 114 110 46 138 20 134 109 146 26 75 42 40 36 28 99 19 102 137 50 132 85 142 18 124 63 3 150 112 71 45 115 44 72 11 61 148 69 39 49 43 24 120 47 29 37 9 6 2 86 100 5 98 1 87 73 106 13 74 136 125 149 34 82 95 97 35 126 52 122 144 147 14 64 119 91 123 31 51 90 81 58 55 83 8 89 84 7 103 76 48 10 94 88 78 80 53 139 118 12 67 116 127 130 17 117 131 111 33 92 54 108 70 135 105 121 79 59 16 133 15 21 4 104 22 62 113 96 93 77 129 27 140 66 60 57 23 32 38 101 41 145 68 128 30
------------------------------------------------------
solution_cost = 52812.8
 1 2 3 4 5 6 7 8 9 10 11 12 13 14 15 16 17 18 19 20 21 22 23 24 25 26 27 28 29 30 31 32 33 34 35 36 37 38 39 40 41 42 43 44 45 46 47 48 49 50 51 52 53 54 55 56 57 58 59 60 61 62 63 64 65 66 67 68 69 70 71 72 73 74 75 76 77 78 79 80 81 82 83 84 85 86 87 88 89 90 91 92 93 94 95 96 97 98 99 100 101 102 103 104 105 106 107 108 109 110 111 112 113 114 115 116 117 118 119 120 121 122 123 124 125 126 127 128 129 130 131 132 133 134 135 136 137 138 139 140 141 142 143 144 145 146 147 148 149 150
------------------------------------------------------
10000 44772.1
20000 43333.5
30000 48755.5
40000 46662.3
50000 45099.4
60000 44541.9
70000 44803.1
80000 45781.0
90000 44403.2
100000 43806.2
110000 45345.0
120000 46207.8
130000 40729.0
140000 45014.6
150000 45190.9
160000 43124.2
170000 42063.5
180000 41212.2
190000 40119.1
200000 40525.3
210000 42911.2
220000 39938.3
230000 41103.2
240000 42225.2
250000 41346.2
260000 43890.7
270000 41992.0
280000 45357.9
290000 45498.9
300000 43500.9
310000 41637.9
320000 43815.8
330000 41914.4
340000 36106.0
350000 46345.5
360000 40450.6
370000 38532.0
380000 38264.9
390000 43306.2
400000 42305.7
410000 37049.3
420000 42394.8
430000 36334.1
440000 35665.9
450000 38816.9
460000 37911.8
470000 37499.8
480000 38690.1
490000 41961.6
500000 33940.5
510000 37666.2
520000 38396.7
530000 42300.6
540000 33766.6
550000 36847.7
560000 34827.8
570000 34196.9
580000 34624.9
590000 36433.4
600000 35658.8
610000 35611.1
620000 34159.0
630000 36159.1
640000 35461.7
650000 34173.2
660000 28830.4
670000 33115.7
680000 31605.4
690000 30992.7
700000 34318.4
710000 29425.3
720000 32915.3
730000 30844.0
740000 31742.4
750000 25509.7
760000 32999.6
770000 30816.1
780000 31678.8
790000 30331.0
800000 31441.4
810000 25668.9
820000 28514.3
830000 29137.5
840000 23458.8
850000 27119.5
860000 23208.1
870000 24150.3
880000 22394.4
890000 22869.4
900000 20178.8
910000 20450.7
920000 22467.4
930000 20522.0
940000 20922.5
950000 25366.4
960000 23656.9
970000 19654.9
980000 21779.7
990000 22047.8
1000000 19146.6
1010000 20518.9
1020000 19888.7
1030000 20532.4
1040000 20045.1
1050000 18874.0
1060000 16552.7
1070000 17965.6
1080000 16174.2
1090000 15670.7
1100000 14540.0
1110000 16229.5
1120000 15373.3
1130000 14908.3
1140000 14816.8
1150000 15618.2
1160000 14133.5
1170000 14595.1
1180000 13059.7
1190000 13900.7
1200000 13127.8
1210000 12852.0
1220000 14378.5
1230000 15329.5
1240000 14493.8
1250000 16246.2
1260000 14222.6
1270000 13451.2
1280000 13080.1
1290000 11483.5
1300000 11921.4
1310000 12640.9
1320000 12352.7
1330000 12273.7
1340000 12087.2
1350000 12290.2
1360000 11310.9
1370000 11955.5
1380000 11475.0
1390000 11277.3
1400000 10888.0
1410000 10415.1
1420000 10434.0
1430000 10142.2
1440000 10288.6
1450000 10215.6
1460000 10022.0
1470000  9611.4
1480000  9924.7
1490000 10015.1
1500000  9866.8
1510000  9243.8
1520000  9387.1
1530000  9622.8
1540000  9638.6
1550000  9606.1
1560000  9303.5
1570000  9541.2
1580000  9277.7
1590000  9412.1
1600000  9670.4
1610000  9446.5
1620000  9315.3
1630000  9454.8
1640000  8929.8
1650000  9049.9
1660000  8852.1
1670000  8791.5
1680000  8661.4
1690000  8558.4
1700000  8667.7
1710000  8854.1
1720000  9025.4
1730000  8806.9
1740000  8542.4
1750000  8761.3
1760000  8783.8
1770000  8514.5
1780000  8394.9
1790000  8489.2
1800000  8529.2
1810000  8609.7
1820000  8425.2
1830000  8556.0
1840000  8541.1
1850000  8335.1
1860000  8453.2
1870000  8527.9
1880000  8159.6
1890000  8170.5
1900000  8278.7
1910000  8383.5
1920000  8636.9
1930000  8536.7
1940000  8707.0
1950000  8568.6
1960000  8489.9
1970000  8401.3
1980000  8466.0
1990000  8318.2
2000000  8381.1
2010000  8431.9
2020000  8490.5
2030000  8347.0
2040000  8261.9
2050000  8309.5
2060000  8418.1
2070000  8334.2
2080000  8139.3
2090000  8184.1
2100000  8169.8
2110000  8294.1
2120000  8200.8
2130000  8254.6
2140000  8215.3
2150000  8241.2
2160000  8350.1
2170000  8301.4
2180000  8267.9
2190000  8292.4
2200000  8380.4
2210000  8317.4
2220000  8324.3
2230000  8124.9
2240000  8215.4
2250000  8162.3
2260000  8198.1
2270000  8170.7
2280000  8153.9
2290000  8139.8
2300000  8283.0
2310000  8191.0
2320000  8214.1
2330000  8049.0
2340000  8121.2
2350000  8152.5
2360000  8095.8
2370000  8162.1
2380000  8117.0
2390000  8127.7
2400000  8188.2
2410000  8177.7
2420000  8134.5
2430000  8056.3
2440000  8065.2
2450000  8151.5
2460000  8127.1
2470000  8120.8
2480000  8085.8
2490000  8106.1
2500000  8093.3
2510000 44606.9
2520000 45072.2
2530000 42346.7
2540000 43134.1
2550000 46227.7
2560000 49156.7
2570000 48806.8
2580000 44856.7
2590000 47257.5
2600000 41298.8
2610000 41352.5
2620000 47303.3
2630000 43935.9
2640000 41349.0
2650000 43033.5
2660000 42351.1
2670000 45019.5
2680000 45922.8
2690000 45921.8
2700000 41994.7
2710000 46614.8
2720000 44689.5
2730000 47744.1
2740000 41356.6
2750000 44098.4
2760000 46153.9
2770000 41898.9
2780000 43687.7
2790000 41599.0
2800000 39472.9
2810000 40297.0
2820000 40913.8
2830000 46999.0
2840000 38118.8
2850000 39982.2
2860000 40806.7
2870000 40485.6
2880000 36576.6
2890000 38946.1
2900000 38978.0
2910000 44173.6
2920000 37370.5
2930000 40465.2
2940000 39036.6
2950000 38660.3
2960000 36595.7
2970000 36041.3
2980000 36199.9
2990000 40088.2
3000000 35389.8
3010000 41848.5
3020000 35164.2
3030000 36075.0
3040000 37954.5
3050000 37414.0
3060000 36342.4
3070000 38393.7
3080000 37827.2
3090000 35037.9
3100000 38812.6
3110000 37264.5
3120000 31165.1
3130000 31980.7
3140000 39085.5
3150000 34177.0
3160000 33246.2
3170000 35258.3
3180000 32013.2
3190000 32525.9
3200000 33954.8
3210000 32740.5
3220000 29181.9
3230000 32974.1
3240000 32860.1
3250000 24692.7
3260000 30738.6
3270000 30861.9
3280000 31301.0
3290000 26099.7
3300000 30650.2
3310000 27321.1
3320000 29267.2
3330000 30465.1
3340000 21588.5
3350000 25578.7
3360000 25394.2
3370000 25477.9
3380000 25481.8
3390000 30033.0
3400000 25182.2
3410000 26774.6
3420000 21841.7
3430000 28305.6
3440000 22510.1
3450000 24057.3
3460000 20160.1
3470000 22105.4
3480000 23226.7
3490000 22759.7
3500000 22238.1
3510000 19566.9
3520000 19943.2
3530000 17666.7
3540000 18028.7
3550000 17132.1
3560000 15906.3
3570000 15903.0
3580000 16250.8
3590000 15994.6
3600000 14552.2
3610000 16587.1
3620000 15637.6
3630000 14877.4
3640000 15408.7
3650000 16997.0
3660000 16387.8
3670000 16379.1
3680000 15208.2
3690000 14641.3
3700000 12458.2
3710000 13488.2
3720000 13074.0
3730000 13993.7
3740000 14413.5
3750000 13502.2
3760000 13363.6
3770000 13704.7
3780000 12817.0
3790000 13487.1
3800000 13713.3
3810000 12329.3
3820000 11981.4
3830000 11016.8
3840000 11553.1
3850000 11680.9
3860000 12064.6
3870000 11370.9
3880000 10637.9
3890000 10446.2
3900000 10599.7
3910000 10678.5
3920000 10471.1
3930000 10524.8
3940000 10549.1
3950000 10617.0
3960000 11069.6
3970000 10760.7
3980000 10570.1
3990000 10661.3
4000000 10422.9
4010000 10378.3
4020000 10234.2
4030000 10893.1
4040000 10539.0
4050000 10576.2
4060000 10095.4
4070000  9489.0
4080000  9670.8
4090000  9402.5
4100000  9153.9
4110000  9282.1
4120000  9105.3
4130000  8977.9
4140000  8758.3
4150000  8925.3
4160000  8694.2
4170000  8668.5
4180000  8861.3
4190000  8948.1
4200000  8908.4
4210000  8864.5
4220000  8801.5
4230000  8721.8
4240000  8553.4
4250000  8764.2
4260000  8543.2
4270000  8370.4
4280000  8338.2
4290000  8342.3
4300000  8524.9
4310000  8579.0
4320000  8431.3
4330000  8358.3
4340000  8351.7
4350000  8454.4
4360000  8431.1
4370000  8549.3
4380000  8262.1
4390000  8294.0
4400000  8567.3
4410000  8216.1
4420000  8110.0
4430000  8247.1
4440000  8302.7
4450000  8350.5
4460000  8452.7
4470000  8194.6
4480000  8192.3
4490000  8178.9
4500000  8055.4
4510000  8091.3
4520000  8170.0
4530000  7903.2
4540000  7977.8
4550000  8024.3
4560000  7972.2
4570000  8167.8
4580000  8252.9
4590000  8212.8
4600000  8048.3
4610000  8037.8
4620000  7953.4
4630000  8008.4
4640000  7895.4
4650000  7997.3
4660000  8150.3
4670000  8136.2
4680000  8235.3
4690000  8021.9
4700000  8032.0
4710000  7983.8
4720000  8029.6
4730000  7873.7
4740000  7915.4
4750000  7890.5
4760000  7933.5
4770000  7925.1
4780000  7916.3
4790000  7903.8
4800000  7835.1
4810000  7900.4
4820000  7947.2
4830000  7861.5
4840000  7817.4
4850000  7863.8
4860000  7773.6
4870000  7815.5
4880000  7952.2
4890000  7973.8
4900000  7987.9
4910000  7879.5
4920000  7797.4
4930000  7795.0
4940000  7844.3
4950000  7828.2
4960000  7797.0
4970000  7842.6
4980000  7822.3
4990000  7784.2
5000000  7774.5
5010000 46715.5
5020000 44557.4
5030000 46341.9
5040000 46274.0
5050000 50330.5
5060000 43883.3
5070000 47785.7
5080000 49665.3
5090000 47045.1
5100000 44904.9
5110000 49181.4
5120000 46333.3
5130000 43804.9
5140000 42905.9
5150000 48029.1
5160000 42709.6
5170000 48292.8
5180000 42765.5
5190000 46260.2
5200000 43461.2
5210000 48372.8
5220000 45952.6
5230000 42400.2
5240000 47744.6
5250000 42068.0
5260000 46737.9
5270000 41376.6
5280000 42722.6
5290000 41373.8
5300000 38233.1
5310000 42560.0
5320000 45824.0
5330000 42312.9
5340000 44362.4
5350000 45624.5
5360000 42715.0
5370000 42060.0
5380000 41178.9
5390000 40888.4
5400000 40496.9
5410000 45517.6
5420000 41430.3
5430000 39490.5
5440000 42808.4
5450000 42480.8
5460000 43414.0
5470000 39283.5
5480000 39396.5
5490000 37360.1
5500000 36875.4
5510000 46246.4
5520000 38746.7
5530000 41581.0
5540000 38849.6
5550000 41265.9
5560000 37032.6
5570000 40035.6
5580000 36260.9
5590000 40093.2
5600000 36292.9
5610000 34779.1
5620000 35864.3
5630000 35807.0
5640000 31674.7
5650000 32461.2
5660000 35032.9
5670000 37455.7
5680000 36921.5
5690000 32922.5
5700000 34398.6
5710000 31221.0
5720000 37103.2
5730000 34643.1
5740000 30275.7
5750000 34223.3
5760000 33609.4
5770000 31642.4
5780000 34185.9
5790000 29311.4
5800000 28071.9
5810000 29828.5
5820000 33787.6
5830000 31665.4
5840000 28254.2
5850000 30104.7
5860000 29721.6
5870000 32651.0
5880000 27854.6
5890000 24771.0
5900000 28268.1
5910000 25496.4
5920000 25523.7
5930000 29918.6
5940000 24021.7
5950000 26220.5
5960000 22715.9
5970000 22299.8
5980000 21879.3
5990000 21255.2
6000000 22842.3
6010000 20856.4
6020000 23144.5
6030000 22395.1
6040000 22254.8
6050000 21126.5
6060000 19201.7
6070000 22057.5
6080000 20242.6
6090000 18874.9
6100000 19820.3
6110000 16591.9
6120000 18614.5
6130000 15624.6
6140000 15805.9
6150000 15205.6
6160000 16402.9
6170000 15407.6
6180000 14689.6
6190000 14651.2
6200000 13296.1
6210000 13866.5
6220000 13812.3
6230000 13469.4
6240000 12597.8
6250000 11756.6
6260000 12101.7
6270000 11956.9
6280000 12020.3
6290000 12096.7
6300000 12062.0
6310000 11896.7
6320000 10964.8
6330000 12323.7
6340000 11497.3
6350000 11878.3
6360000 11452.6
6370000 11113.1
6380000 11060.3
6390000 10761.4
6400000 10612.9
6410000 10565.5
6420000 10301.7
6430000 10227.9
6440000 10587.2
6450000 10304.9
6460000 10579.6
6470000 10377.0
6480000 10276.4
6490000 10161.7
6500000  9789.0
6510000  9508.6
6520000  9660.4
6530000  9835.2
6540000  9700.0
6550000  9296.0
6560000  9555.6
6570000  9913.3
6580000  9839.4
6590000  9512.3
6600000  9231.9
6610000  9816.1
6620000  9620.3
6630000  9603.5
6640000  9614.0
6650000  9517.7
6660000  9462.3
6670000  9390.5
6680000  9520.3
6690000  8980.1
6700000  8879.2
6710000  9034.8
6720000  9122.5
6730000  9162.9
6740000  9422.8
6750000  9552.8
6760000  9110.3
6770000  9021.2
6780000  8878.0
6790000  8703.3
6800000  8563.8
6810000  8625.0
6820000  8680.3
6830000  8784.0
6840000  8814.5
6850000  8658.3
6860000  8711.9
6870000  8675.0
6880000  8598.6
6890000  8603.7
6900000  8658.8
6910000  8506.7
6920000  8644.2
6930000  8406.0
6940000  8486.1
6950000  8523.8
6960000  8640.4
6970000  8882.7
6980000  8747.2
6990000  8608.6
7000000  8425.0
7010000  8420.9
7020000  8303.3
7030000  8350.8
7040000  8307.8
7050000  8339.7
7060000  8310.3
7070000  8446.4
7080000  8309.7
7090000  8193.1
7100000  8260.7
7110000  8296.9
7120000  8198.9
7130000  8328.1
7140000  8195.8
7150000  8199.5
7160000  8101.0
7170000  8167.0
7180000  8133.4
7190000  8185.1
7200000  8232.0
7210000  8216.4
7220000  8346.4
7230000  8154.9
7240000  8148.7
7250000  8112.0
7260000  8124.9
7270000  8132.9
7280000  8086.9
7290000  8032.0
7300000  8102.4
7310000  8231.0
7320000  8107.4
7330000  8080.5
7340000  8196.0
7350000  8140.5
7360000  8015.8
7370000  8074.4
7380000  8103.3
7390000  8149.7
7400000  8110.3
7410000  8097.6
7420000  8082.9
7430000  8124.8
7440000  8100.2
7450000  8125.1
7460000  8105.3
7470000  8049.9
7480000  8012.1
7490000  8105.9
7500000  8018.1
repeated annealing 7500000 iterations, cost =  7774.5
 111 105 33 56 146 26 75 18 142 85 132 65 83 141 90 92 54 46 138 109 51 47 37 2 19 99 114 102 108 135 70 137 50 55 58 86 29 81 110 20 25 134 133 16 59 15 80 49 147 144 129 41 39 57 101 116 67 38 23 32 77 122 14 72 145 13 106 91 119 68 128 4 104 150 115 45 71 44 64 112 136 74 123 31 27 117 140 60 66 17 130 148 11 61 36 69 127 118 24 139 120 42 9 6 28 40 53 12 43 131 78 79 121 94 88 21 125 22 149 62 3 113 10 63 48 30 96 35 93 89 8 84 7 34 73 76 87 1 98 103 82 95 107 5 100 143 97 124 126 52
------------------------------------------------------
