1 52812.8
25000 44740.0
50000 45018.3
75000 44657.8
100000 49442.0
125000 44426.3
150000 43256.5
175000 45502.3
200000 46624.9
225000 43913.8
250000 44834.0
275000 43966.0
300000 47991.8
325000 47101.1
350000 41066.6
375000 42877.4
400000 44594.1
425000 44331.6
450000 41750.4
475000 44595.3
500000 44618.9
525000 45221.6
550000 48070.2
575000 41593.2
600000 44404.2
625000 41970.1
650000 45952.2
675000 42400.9
700000 42520.3
725000 41124.4
750000 43274.2
775000 40281.3
800000 44830.9
825000 43616.1
850000 46310.7
875000 42428.3
900000 39363.8
925000 38827.4
950000 38995.2
975000 39586.7
1000000 43563.0
1025000 36474.5
1050000 41977.9
1075000 37497.1
1100000 42956.0
1125000 39939.5
1150000 41566.9
1175000 43998.6
1200000 40391.7
1225000 42806.3
1250000 40289.1
1275000 38987.4
1300000 38990.4
1325000 38676.0
1350000 34017.7
1375000 36400.0
1400000 37193.3
1425000 40672.7
1450000 42134.6
1475000 40330.6
1500000 34117.7
1525000 39023.2
1550000 37800.2
1575000 30924.3
1600000 35402.6
1625000 34764.5
1650000 37432.0
1675000 31452.2
1700000 31826.7
1725000 36347.6
1750000 35477.5
1775000 32874.1
1800000 40110.7
1825000 32956.5
1850000 34022.7
1875000 31656.3
1900000 30726.0
1925000 32672.3
1950000 29046.7
1975000 30015.2
2000000 34687.8
2025000 26381.3
2050000 27048.6
2075000 26998.9
2100000 30447.9
2125000 28650.0
2150000 31949.4
2175000 28797.5
2200000 27023.1
2225000 25435.1
2250000 25351.1
2275000 27759.6
2300000 27490.1
2325000 21937.6
2350000 20967.0
2375000 22178.4
2400000 24410.6
2425000 22449.6
2450000 17077.6
2475000 16264.6
2500000 23008.1
2525000 21786.8
2550000 21344.1
2575000 20465.1
2600000 19129.5
2625000 18777.4
2650000 19010.3
2675000 21481.7
2700000 21898.5
2725000 19157.4
2750000 19621.7
2775000 17414.3
2800000 18073.5
2825000 16301.9
2850000 14871.0
2875000 14130.8
2900000 14731.7
2925000 18924.0
2950000 17702.5
2975000 13932.5
3000000 14783.4
3025000 13688.2
3050000 13482.7
3075000 12123.0
3100000 11806.6
3125000 11826.3
3150000 11886.1
3175000 11471.4
3200000 12233.3
3225000 13456.6
3250000 12674.6
3275000 11628.9
3300000 12543.5
3325000 11203.8
3350000 10323.9
3375000 11029.2
3400000 10912.0
3425000 11498.9
3450000 11222.5
3475000 10546.1
3500000 10040.6
3525000  9932.0
3550000 10062.1
3575000 10179.9
3600000 10501.9
3625000  9918.4
3650000 10032.0
3675000  9097.2
3700000  9374.0
3725000  9614.2
3750000  9766.3
3775000  9818.6
3800000  9895.7
3825000  9871.0
3850000  9320.3
3875000  9286.8
3900000  9486.1
3925000  9370.0
3950000  9755.9
3975000  9462.8
4000000  9348.8
4025000  9090.9
4050000  8778.8
4075000  8972.5
4100000  8825.9
4125000  8847.8
4150000  9012.6
4175000  9082.7
4200000  8849.2
4225000  9033.5
4250000  8508.7
4275000  8611.0
4300000  8389.9
4325000  8419.4
4350000  8177.1
4375000  8407.4
4400000  8270.5
4425000  8700.3
4450000  8309.0
4475000  8413.3
4500000  8150.7
4525000  8229.7
4550000  8185.0
4575000  8585.2
4600000  8363.7
4625000  8120.4
4650000  8198.8
4675000  7800.8
4700000  8087.3
4725000  7961.3
4750000  7808.6
4775000  7829.2
4800000  7972.6
4825000  8085.3
4850000  8089.0
4875000  8076.6
4900000  7796.0
4925000  8015.5
4950000  7814.6
4975000  7880.7
5000000  7893.2
5025000  7803.2
5050000  7813.7
5075000  7736.7
5100000  7818.6
5125000  7839.5
5150000  7795.0
5175000  7830.6
5200000  7956.8
5225000  7921.3
5250000  7663.0
5275000  7899.5
5300000  7929.8
5325000  7826.2
5350000  7835.2
5375000  7782.6
5400000  7795.7
5425000  7714.1
5450000  7815.2
5475000  7924.1
5500000  7777.9
5525000  7675.7
5550000  7644.2
5575000  7653.7
5600000  7857.9
5625000  7745.1
5650000  7800.8
5675000  7783.7
5700000  7770.8
5725000  7791.7
5750000  7795.4
5775000  7869.4
5800000  7699.2
5825000  7751.6
5850000  7614.9
5875000  7624.9
5900000  7607.7
5925000  7730.5
5950000  7679.8
5975000  7769.3
6000000  7729.0
6025000  7731.6
6050000  7606.3
6075000  7566.8
6100000  7616.6
6125000  7543.0
6150000  7540.5
6175000  7544.4
6200000  7615.2
6225000  7579.3
6250000  7537.8
6275000  7493.9
6300000  7497.5
6325000  7550.6
6350000  7574.5
6375000  7520.8
6400000  7533.2
6425000  7575.0
6450000  7527.9
6475000  7499.0
6500000  7480.1
6525000  7476.9
6550000  7503.7
6575000  7467.9
6600000  7507.6
6625000  7541.5
6650000  7525.0
6675000  7473.1
6700000  7528.4
6725000  7555.6
6750000  7512.9
6775000  7514.5
6800000  7521.2
6825000  7476.0
6850000  7484.2
6875000  7512.2
6900000  7465.4
6925000  7445.1
6950000  7432.7
6975000  7462.4
7000000  7489.6
7025000  7547.6
7050000  7453.5
7075000  7434.9
7100000  7457.8
7125000  7516.6
7150000  7460.5
7175000  7471.2
7200000  7450.1
7225000  7450.1
7250000  7439.7
7275000  7472.6
7300000  7444.0
7325000  7423.5
7350000  7441.7
7375000  7434.3
7400000  7461.9
7425000  7449.9
7450000  7491.8
7475000  7451.6
7500000  7438.8
7525000  7432.7
7550000  7459.7
7575000  7446.6
7600000  7477.1
7625000  7456.2
7650000  7458.3
7675000  7498.2
7700000  7420.5
7725000  7420.5
7750000  7434.4
7775000  7450.4
7800000  7446.9
7825000  7438.3
7850000  7435.9
7875000  7426.7
7900000  7447.4
7925000  7432.7
7950000  7440.7
7975000  7442.2
8000000  7448.3
8025000  7426.7
8050000  7425.0
8075000  7428.2
8100000  7422.6
8125000  7418.4
8150000  7426.7
8175000  7417.6
8200000  7443.1
8225000  7421.2
8250000  7435.8
8275000  7436.6
8300000  7442.7
8325000  7441.4
8350000  7428.0
8375000  7451.1
8400000  7465.3
8425000  7429.4
8450000  7448.1
8475000  7432.3
8500000  7437.5
8525000  7428.8
8550000  7425.7
8575000  7438.1
8600000  7432.1
8625000  7432.1
8650000  7431.5
8675000  7417.6
8700000  7418.9
8725000  7429.4
8750000  7418.4
8775000  7417.6
8800000  7429.4
8825000  7419.7
8850000  7421.5
8875000  7422.2
8900000  7418.4
8925000  7422.2
8950000  7420.5
8975000  7419.7
9000000  7417.6
9025000  7418.4
9050000  7418.4
9075000  7428.0
9100000  7418.4
9125000  7424.2
9150000  7420.5
9175000  7417.6
9200000  7418.9
9225000  7417.6
9250000  7419.7
9275000  7420.5
9300000  7422.8
9325000  7432.6
9350000  7417.6
9375000  7417.6
9400000  7418.9
9425000  7429.2
9450000  7417.6
9475000  7422.8
9500000  7419.7
9525000  7419.7
9550000  7417.6
9575000  7417.6
9600000  7429.9
9625000  7423.4
9650000  7422.2
9675000  7417.6
9700000  7418.4
9725000  7422.1
9750000  7422.2
9775000  7417.6
9800000  7418.9
9825000  7417.6
9850000  7421.2
9875000  7421.2
9900000  7418.4
9925000  7418.4
9950000  7417.6
9975000  7425.7
10000000  7424.2
10025000  7422.2
10050000  7419.7
10075000  7417.6
10100000  7426.7
10125000  7417.6
10150000  7418.9
10175000  7417.6
10200000  7418.4
10225000  7417.6
10250000  7418.9
10275000  7417.6
10300000  7418.4
10325000  7417.6
10350000  7424.3
10375000  7420.5
10400000  7417.6
10425000  7418.4
10450000  7423.6
10475000  7418.9
10500000  7417.6
10525000  7418.4
10550000  7422.1
10575000  7419.7
10600000  7421.5
10625000  7422.6
10650000  7417.6
10675000  7425.7
10700000  7418.4
10725000  7419.7
10750000  7417.6
10775000  7421.5
10800000  7417.6
10825000  7418.4
10850000  7417.6
10875000  7417.6
10900000  7417.6
10925000  7417.6
10950000  7417.6
10975000  7417.6
11000000  7419.7
11025000  7418.4
11050000  7419.7
11075000  7418.9
11100000  7418.9
11125000  7417.6
11150000  7418.9
11175000  7418.4
11200000  7417.6
11225000  7417.6
11250000  7417.6
11275000  7420.5
11300000  7418.4
11325000  7418.9
11350000  7417.6
11375000  7417.6
11400000  7417.6
11425000  7417.6
11450000  7418.9
11475000  7418.9
11500000  7418.9
11525000  7418.4
11550000  7419.7
11575000  7417.6
11600000  7417.6
11625000  7417.6
11650000  7417.6
11675000  7419.7
11700000  7418.4
11725000  7417.6
11750000  7418.9
11775000  7419.7
11800000  7418.4
11825000  7417.6
11850000  7418.4
11875000  7417.6
11900000  7417.6
11925000  7417.6
11950000  7418.4
11975000  7418.4
12000000  7418.4
12025000  7418.4
12050000  7417.6
12075000  7417.6
12100000  7417.6
12125000  7417.6
12150000  7417.6
12175000  7418.4
12200000  7417.6
12225000  7417.6
12250000  7417.6
12275000  7417.6
12300000  7417.6
12325000  7417.6
12350000  7417.6
12375000  7418.4
12400000  7418.4
12425000  7417.6
12450000  7417.6
12475000  7417.6
12500000  7417.6
12525000  7417.6
12550000  7417.6
12575000  7417.6
12600000  7418.4
12625000  7418.4
12650000  7417.6
12675000  7417.6
12700000  7417.6
12725000  7417.6
12750000  7417.6
12775000  7417.6
12800000  7417.6
12825000  7417.6
12850000  7417.6
12875000  7417.6
12900000  7417.6
12925000  7417.6
12950000  7417.6
12975000  7417.6
13000000  7417.6
13025000  7417.6
13050000  7417.6
13075000  7417.6
13100000  7417.6
13125000  7417.6
13150000  7417.6
13175000  7417.6
13200000  7417.6
13225000  7417.6
13250000  7417.6
13275000  7417.6
13300000  7417.6
13325000  7417.6
13350000  7418.4
13375000  7417.6
13400000  7417.6
13425000  7417.6
13450000  7418.4
13475000  7417.6
13500000  7417.6
13525000  7417.6
13550000  7417.6
13575000  7417.6
13600000  7417.6
13625000  7417.6
13650000  7417.6
13675000  7417.6
13700000  7417.6
13725000  7417.6
13750000  7417.6
13775000  7417.6
13800000  7417.6
13825000  7417.6
13850000  7417.6
13875000  7417.6
13900000  7417.6
13925000  7417.6
13950000  7417.6
13975000  7417.6
14000000  7417.6
14025000  7417.6
14050000  7417.6
14075000  7417.6
14100000  7417.6
14125000  7417.6
14150000  7417.6
14175000  7417.6
14200000  7417.6
14225000  7417.6
14250000  7417.6
14275000  7417.6
14300000  7417.6
14325000  7417.6
14350000  7417.6
14375000  7417.6
14400000  7417.6
14425000  7417.6
14450000  7417.6
14475000  7417.6
14500000  7417.6
14525000  7417.6
14550000  7417.6
14575000  7417.6
14600000  7417.6
14625000  7417.6
14650000  7417.6
14675000  7417.6
14700000  7417.6
14725000  7417.6
14750000  7417.6
14775000  7417.6
14800000  7417.6
14825000  7417.6
14850000  7417.6
14875000  7417.6
14900000  7417.6
14925000  7417.6
14950000  7417.6
14975000  7417.6
15000000  7417.6
15025000  7417.6
15050000  7417.6
15075000  7417.6
15100000  7417.6
15125000  7417.6
15150000  7417.6
15175000  7417.6
15200000  7417.6
15225000  7417.6
15250000  7417.6
15275000  7417.6
15300000  7417.6
15325000  7417.6
15350000  7417.6
15375000  7417.6
15400000  7417.6
15425000  7417.6
15450000  7417.6
15475000  7417.6
15500000  7417.6
15525000  7417.6
15550000  7417.6
15575000  7417.6
15600000  7417.6
15625000  7417.6
15650000  7417.6
15675000  7417.6
15700000  7417.6
15725000  7417.6
15750000  7417.6
15775000  7417.6
15800000  7417.6
15825000  7417.6
15850000  7417.6
15875000  7417.6
15900000  7417.6
15925000  7417.6
15950000  7417.6
15975000  7417.6
16000000  7417.6
16025000  7417.6
16050000  7417.6
16075000  7417.6
16100000  7417.6
16125000  7417.6
16150000  7417.6
16175000  7417.6
16200000  7417.6
16225000  7417.6
16250000  7417.6
16275000  7417.6
16300000  7417.6
16325000  7417.6
16350000  7417.6
16375000  7417.6
16400000  7417.6
16425000  7417.6
16450000  7417.6
16475000  7417.6
16500000  7417.6
16525000  7417.6
16550000  7417.6
16575000  7417.6
16600000  7417.6
16625000  7417.6
16650000  7417.6
16675000  7417.6
16700000  7417.6
16725000  7417.6
16750000  7417.6
16775000  7417.6
16800000  7417.6
16825000  7417.6
16850000  7417.6
16875000  7417.6
16900000  7417.6
16925000  7417.6
16950000  7417.6
16975000  7417.6
17000000  7417.6
17025000  7417.6
17050000  7417.6
17075000  7417.6
17100000  7417.6
17125000  7417.6
17150000  7417.6
17175000  7417.6
17200000  7417.6
17225000  7417.6
17250000  7417.6
17275000  7417.6
17300000  7417.6
17325000  7417.6
17350000  7417.6
17375000  7417.6
17400000  7417.6
17425000  7417.6
17450000  7417.6
17475000  7417.6
17500000  7417.6
17525000  7417.6
17550000  7417.6
17575000  7417.6
17600000  7417.6
17625000  7417.6
17650000  7417.6
17675000  7417.6
17700000  7417.6
17725000  7417.6
17750000  7417.6
17775000  7417.6
17800000  7417.6
17825000  7417.6
17850000  7417.6
17875000  7417.6
17900000  7417.6
17925000  7417.6
17950000  7417.6
17975000  7417.6
18000000  7417.6
18025000  7417.6
18050000  7417.6
18075000  7417.6
18100000  7417.6
18125000  7417.6
18150000  7417.6
18175000  7417.6
18200000  7417.6
18225000  7417.6
18250000  7417.6
18275000  7417.6
18300000  7417.6
18325000  7417.6
18350000  7417.6
18375000  7417.6
18400000  7417.6
18425000  7417.6
18450000  7417.6
18475000  7417.6
18500000  7417.6
18525000  7417.6
18550000  7417.6
18575000  7417.6
18600000  7417.6
18625000  7417.6
18650000  7417.6
18675000  7417.6
18700000  7417.6
18725000  7417.6
18750000  7417.6
18775000  7417.6
18800000  7417.6
18825000  7417.6
18850000  7417.6
18875000  7417.6
18900000  7417.6
18925000  7417.6
18950000  7417.6
18975000  7417.6
19000000  7417.6
19025000  7417.6
19050000  7417.6
19075000  7417.6
19100000  7417.6
19125000  7417.6
19150000  7417.6
19175000  7417.6
19200000  7417.6
19225000  7417.6
19250000  7417.6
19275000  7417.6
19300000  7417.6
19325000  7417.6
19350000  7417.6
19375000  7417.6
19400000  7417.6
19425000  7417.6
19450000  7417.6
19475000  7417.6
19500000  7417.6
19525000  7417.6
19550000  7417.6
19575000  7417.6
19600000  7417.6
19625000  7417.6
19650000  7417.6
19675000  7417.6
19700000  7417.6
19725000  7417.6
19750000  7417.6
19775000  7417.6
19800000  7417.6
19825000  7417.6
19850000  7417.6
19875000  7417.6
19900000  7417.6
19925000  7417.6
19950000  7417.6
19975000  7417.6
20000000  7417.6
20000001 52812.8
20025000 46157.4
20050000 43707.3
20075000 43577.0
20100000 49670.1
20125000 44622.0
20150000 43233.4
20175000 46992.5
20200000 42291.5
20225000 45360.9
20250000 41323.2
20275000 42346.0
20300000 45458.7
20325000 44944.1
20350000 43908.5
20375000 42976.3
20400000 43110.3
20425000 44693.1
20450000 45680.1
20475000 39684.8
20500000 45332.4
20525000 42572.7
20550000 41000.2
20575000 41747.4
20600000 46020.9
20625000 46842.4
20650000 43591.9
20675000 45545.0
20700000 45702.3
20725000 40100.1
20750000 43458.0
20775000 44821.7
20800000 39137.5
20825000 39052.0
20850000 37395.6
20875000 43738.1
20900000 39860.6
20925000 38523.3
20950000 37879.8
20975000 40105.0
21000000 40159.1
21025000 41537.0
21050000 40567.2
21075000 37578.7
21100000 38818.7
21125000 41260.2
21150000 42408.5
21175000 38500.6
21200000 41836.0
21225000 37342.6
21250000 32626.1
21275000 39936.2
21300000 39428.2
21325000 37210.3
21350000 33627.5
21375000 38694.7
21400000 37555.7
21425000 37203.8
21450000 36175.8
21475000 35258.8
21500000 35255.7
21525000 35672.3
21550000 38504.1
21575000 32317.7
21600000 34921.7
21625000 33332.9
21650000 33187.9
21675000 35127.9
21700000 32640.1
21725000 30287.6
21750000 33224.6
21775000 32001.1
21800000 31202.5
21825000 35441.5
21850000 30201.3
21875000 32813.5
21900000 30131.6
21925000 25212.5
21950000 29034.3
21975000 30114.9
22000000 27675.8
22025000 28890.7
22050000 25917.3
22075000 32288.9
22100000 26991.8
22125000 28388.0
22150000 21199.1
22175000 26043.5
22200000 26611.9
22225000 24451.5
22250000 24342.4
22275000 23009.6
22300000 27867.1
22325000 21130.3
22350000 24335.8
22375000 24796.0
22400000 24414.9
22425000 26802.3
22450000 23225.3
22475000 20131.7
22500000 19859.3
22525000 18612.7
22550000 18431.1
22575000 17620.2
22600000 19906.6
22625000 16781.2
22650000 18641.5
22675000 17427.3
22700000 19524.2
22725000 17895.5
22750000 17454.4
22775000 18411.1
22800000 16521.3
22825000 15619.3
22850000 16088.1
22875000 15285.7
22900000 15497.6
22925000 13673.0
22950000 13026.4
22975000 11704.2
23000000 12943.2
23025000 12783.0
23050000 14605.6
23075000 13714.6
23100000 14593.9
23125000 13186.3
23150000 13326.6
23175000 11290.1
23200000 13224.3
23225000 11861.3
23250000 12616.6
23275000 11504.8
23300000 12425.4
23325000 13473.6
23350000 12873.3
23375000 13025.4
23400000 11655.5
23425000 11037.1
23450000 11005.3
23475000 11733.3
23500000 11255.2
23525000 10987.4
23550000 10385.5
23575000 10732.7
23600000 10394.2
23625000 10082.6
23650000  9879.7
23675000  9977.4
23700000 10106.9
23725000  9763.5
23750000  9893.1
23775000  9821.3
23800000 10546.0
23825000  9832.3
23850000 10523.5
23875000  9700.3
23900000  9716.7
23925000 10027.5
23950000  9714.4
23975000  9305.5
24000000  9489.8
24025000  9915.7
24050000  9669.5
24075000  9518.1
24100000  9718.3
24125000  9087.2
24150000  9297.4
24175000  9427.6
24200000  8853.6
24225000  9027.4
24250000  9216.1
24275000  8901.3
24300000  9174.8
24325000  8690.9
24350000  8836.9
24375000  8644.7
24400000  8821.0
24425000  8563.6
24450000  8986.7
24475000  9039.4
24500000  8803.8
24525000  8751.1
24550000  8401.4
24575000  8672.9
24600000  8905.4
24625000  8597.8
24650000  8732.6
24675000  8469.8
24700000  8545.8
24725000  8134.0
24750000  8280.1
24775000  8246.8
24800000  8264.5
24825000  8157.8
24850000  8164.6
24875000  8156.1
24900000  8213.6
24925000  8168.9
24950000  8333.0
24975000  8269.3
25000000  8266.6
25025000  8199.0
25050000  8273.0
25075000  8187.8
25100000  8112.5
25125000  8197.3
25150000  8134.3
25175000  8114.3
25200000  8091.7
25225000  8083.5
25250000  8087.6
25275000  8042.1
25300000  7991.5
25325000  8083.3
25350000  8073.3
25375000  8027.5
25400000  7902.3
25425000  7944.1
25450000  8002.2
25475000  7936.2
25500000  8035.5
25525000  8000.3
25550000  7976.6
25575000  7943.4
25600000  7930.1
25625000  7904.9
25650000  8011.0
25675000  7923.5
25700000  7886.6
25725000  7920.2
25750000  7950.9
25775000  7877.1
25800000  7934.2
25825000  7884.8
25850000  7839.2
25875000  7974.7
25900000  7860.3
25925000  7864.7
25950000  7827.0
25975000  7953.0
26000000  7873.3
26025000  7896.6
26050000  7855.5
26075000  7831.4
26100000  7888.1
26125000  7758.0
26150000  7891.2
26175000  7798.0
26200000  7877.0
26225000  7814.7
26250000  7844.9
26275000  7820.2
26300000  7818.5
26325000  7902.3
26350000  7780.7
26375000  7767.6
26400000  7768.3
26425000  7763.4
26450000  7807.9
26475000  7873.6
26500000  7782.4
26525000  7791.4
26550000  7813.5
26575000  7908.9
26600000  7794.3
26625000  7850.5
26650000  7774.0
26675000  7771.3
26700000  7767.7
26725000  7794.1
26750000  7804.9
26775000  7757.1
26800000  7732.0
26825000  7790.8
26850000  7785.5
26875000  7773.9
26900000  7822.1
26925000  7743.3
26950000  7752.4
26975000  7765.3
27000000  7789.3
27025000  7776.6
27050000  7787.4
27075000  7771.6
27100000  7780.4
27125000  7769.8
27150000  7734.9
27175000  7741.4
27200000  7752.4
27225000  7772.3
27250000  7758.3
27275000  7819.6
27300000  7752.1
27325000  7750.6
27350000  7755.4
27375000  7772.1
27400000  7807.6
27425000  7772.4
27450000  7754.7
27475000  7796.3
27500000  7772.9
27525000  7773.2
27550000  7754.5
27575000  7763.3
27600000  7756.4
27625000  7772.2
27650000  7735.6
27675000  7728.7
27700000  7778.7
27725000  7751.3
27750000  7785.2
27775000  7768.8
27800000  7748.2
27825000  7764.2
27850000  7756.6
27875000  7752.9
27900000  7801.9
27925000  7773.8
27950000  7749.4
27975000  7753.5
28000000  7768.5
28025000  7768.4
28050000  7746.0
28075000  7753.1
28100000  7755.0
28125000  7731.9
28150000  7725.8
28175000  7746.8
28200000  7747.8
28225000  7739.4
28250000  7736.1
28275000  7763.1
28300000  7789.0
28325000  7751.4
28350000  7754.0
28375000  7775.5
28400000  7746.5
28425000  7756.7
28450000  7736.8
28475000  7741.8
28500000  7725.9
28525000  7747.8
28550000  7764.9
28575000  7724.0
28600000  7731.2
28625000  7741.7
28650000  7757.8
28675000  7741.6
28700000  7745.4
28725000  7725.7
28750000  7749.1
28775000  7751.8
28800000  7746.7
28825000  7735.0
28850000  7728.9
28875000  7742.1
28900000  7727.4
28925000  7759.0
28950000  7725.2
28975000  7719.0
29000000  7726.8
29025000  7726.2
29050000  7734.6
29075000  7731.1
29100000  7746.7
29125000  7740.4
29150000  7738.4
29175000  7718.6
29200000  7721.4
29225000  7728.3
29250000  7739.1
29275000  7718.6
29300000  7729.1
29325000  7724.8
29350000  7732.2
29375000  7738.8
29400000  7725.4
29425000  7717.8
29450000  7722.6
29475000  7723.2
29500000  7724.1
29525000  7724.5
29550000  7722.5
29575000  7721.0
29600000  7723.2
29625000  7723.4
29650000  7721.8
29675000  7718.4
29700000  7719.8
29725000  7726.1
29750000  7721.5
29775000  7721.3
29800000  7716.7
29825000  7718.9
29850000  7725.1
29875000  7721.5
29900000  7721.4
29925000  7718.4
29950000  7729.3
29975000  7718.7
30000000  7725.8
30025000  7721.0
30050000  7729.5
30075000  7720.7
30100000  7723.0
30125000  7723.3
30150000  7725.5
30175000  7725.8
30200000  7724.0
30225000  7721.8
30250000  7719.8
30275000  7725.1
30300000  7723.6
30325000  7719.9
30350000  7716.7
30375000  7720.0
30400000  7718.6
30425000  7718.2
30450000  7717.1
30475000  7718.2
30500000  7718.2
30525000  7721.7
30550000  7721.4
30575000  7717.1
30600000  7717.1
30625000  7721.0
30650000  7716.7
30675000  7717.1
30700000  7717.1
30725000  7720.3
30750000  7718.9
30775000  7716.7
30800000  7724.0
30825000  7728.7
30850000  7718.6
30875000  7717.1
30900000  7718.2
30925000  7730.1
30950000  7718.5
30975000  7720.4
31000000  7719.9
31025000  7718.5
31050000  7717.1
31075000  7716.7
31100000  7720.0
31125000  7716.7
31150000  7716.7
31175000  7718.5
31200000  7717.1
31225000  7716.7
31250000  7717.1
31275000  7716.7
31300000  7717.1
31325000  7717.1
31350000  7716.7
31375000  7720.3
31400000  7717.1
31425000  7717.1
31450000  7717.1
31475000  7717.1
31500000  7717.1
31525000  7721.7
31550000  7716.7
31575000  7717.1
31600000  7722.7
31625000  7721.3
31650000  7716.7
31675000  7716.7
31700000  7717.1
31725000  7716.7
31750000  7716.7
31775000  7717.1
31800000  7716.7
31825000  7717.1
31850000  7718.2
31875000  7716.7
31900000  7716.7
31925000  7716.7
31950000  7716.7
31975000  7717.1
32000000  7716.7
32025000  7717.1
32050000  7717.1
32075000  7716.7
32100000  7716.7
32125000  7716.7
32150000  7720.4
32175000  7716.7
32200000  7717.1
32225000  7717.1
32250000  7716.7
32275000  7716.7
32300000  7718.2
32325000  7716.7
32350000  7716.7
32375000  7716.7
32400000  7716.7
32425000  7718.5
32450000  7717.1
32475000  7718.5
32500000  7716.7
32525000  7716.7
32550000  7718.2
32575000  7716.7
32600000  7718.5
32625000  7716.7
32650000  7716.7
32675000  7717.1
32700000  7716.7
32725000  7716.7
32750000  7717.1
32775000  7718.2
32800000  7717.1
32825000  7716.7
32850000  7717.1
32875000  7716.7
32900000  7716.7
32925000  7717.1
32950000  7716.7
32975000  7716.7
33000000  7716.7
33025000  7718.6
33050000  7718.2
33075000  7716.7
33100000  7716.7
33125000  7716.7
33150000  7716.7
33175000  7717.1
33200000  7716.7
33225000  7716.7
33250000  7717.1
33275000  7716.7
33300000  7716.7
33325000  7716.7
33350000  7716.7
33375000  7716.7
33400000  7718.2
33425000  7717.1
33450000  7716.7
33475000  7716.7
33500000  7716.7
33525000  7717.1
33550000  7716.7
33575000  7716.7
33600000  7716.7
33625000  7717.1
33650000  7716.7
33675000  7716.7
33700000  7717.1
33725000  7717.1
33750000  7717.1
33775000  7717.1
33800000  7716.7
33825000  7717.1
33850000  7717.1
33875000  7716.7
33900000  7716.7
33925000  7716.7
33950000  7716.7
33975000  7716.7
34000000  7716.7
34025000  7716.7
34050000  7716.7
34075000  7716.7
34100000  7716.7
34125000  7716.7
34150000  7716.7
34175000  7716.7
34200000  7717.1
34225000  7716.7
34250000  7716.7
34275000  7716.7
34300000  7716.7
34325000  7716.7
34350000  7716.7
34375000  7716.7
34400000  7716.7
34425000  7716.7
34450000  7716.7
34475000  7716.7
34500000  7716.7
34525000  7716.7
34550000  7716.7
34575000  7716.7
34600000  7716.7
34625000  7716.7
34650000  7716.7
34675000  7716.7
34700000  7716.7
34725000  7716.7
34750000  7716.7
34775000  7716.7
34800000  7717.1
34825000  7716.7
34850000  7716.7
34875000  7716.7
34900000  7716.7
34925000  7716.7
34950000  7716.7
34975000  7716.7
35000000  7717.1
35025000  7716.7
35050000  7716.7
35075000  7716.7
35100000  7716.7
35125000  7716.7
35150000  7716.7
35175000  7716.7
35200000  7716.7
35225000  7717.1
35250000  7716.7
35275000  7716.7
35300000  7716.7
35325000  7716.7
35350000  7717.1
35375000  7716.7
35400000  7716.7
35425000  7716.7
35450000  7716.7
35475000  7716.7
35500000  7716.7
35525000  7716.7
35550000  7716.7
35575000  7716.7
35600000  7716.7
35625000  7716.7
35650000  7716.7
35675000  7716.7
35700000  7716.7
35725000  7716.7
35750000  7716.7
35775000  7716.7
35800000  7716.7
35825000  7716.7
35850000  7716.7
35875000  7716.7
35900000  7716.7
35925000  7716.7
35950000  7716.7
35975000  7716.7
36000000  7716.7
36025000  7716.7
36050000  7716.7
36075000  7716.7
36100000  7716.7
36125000  7716.7
36150000  7716.7
36175000  7716.7
36200000  7716.7
36225000  7716.7
36250000  7716.7
36275000  7716.7
36300000  7716.7
36325000  7716.7
36350000  7716.7
36375000  7716.7
36400000  7716.7
36425000  7716.7
36450000  7716.7
36475000  7716.7
36500000  7716.7
36525000  7716.7
36550000  7716.7
36575000  7716.7
36600000  7716.7
36625000  7716.7
36650000  7716.7
36675000  7716.7
36700000  7716.7
36725000  7716.7
36750000  7716.7
36775000  7716.7
36800000  7716.7
36825000  7716.7
36850000  7716.7
36875000  7716.7
36900000  7716.7
36925000  7716.7
36950000  7716.7
36975000  7716.7
37000000  7716.7
37025000  7716.7
37050000  7716.7
37075000  7716.7
37100000  7716.7
37125000  7716.7
37150000  7716.7
37175000  7716.7
37200000  7716.7
37225000  7716.7
37250000  7716.7
37275000  7716.7
37300000  7716.7
37325000  7716.7
37350000  7716.7
37375000  7716.7
37400000  7716.7
37425000  7716.7
37450000  7716.7
37475000  7716.7
37500000  7716.7
37525000  7716.7
37550000  7716.7
37575000  7716.7
37600000  7716.7
37625000  7716.7
37650000  7716.7
37675000  7716.7
37700000  7716.7
37725000  7716.7
37750000  7716.7
37775000  7716.7
37800000  7716.7
37825000  7716.7
37850000  7716.7
37875000  7716.7
37900000  7716.7
37925000  7716.7
37950000  7716.7
37975000  7716.7
38000000  7716.7
38025000  7716.7
38050000  7716.7
38075000  7716.7
38100000  7716.7
38125000  7716.7
38150000  7716.7
38175000  7716.7
38200000  7716.7
38225000  7716.7
38250000  7716.7
38275000  7716.7
38300000  7716.7
38325000  7716.7
38350000  7716.7
38375000  7716.7
38400000  7716.7
38425000  7716.7
38450000  7716.7
38475000  7716.7
38500000  7716.7
38525000  7716.7
38550000  7716.7
38575000  7716.7
38600000  7716.7
38625000  7716.7
38650000  7716.7
38675000  7716.7
38700000  7716.7
38725000  7716.7
38750000  7716.7
38775000  7716.7
38800000  7716.7
38825000  7716.7
38850000  7716.7
38875000  7716.7
38900000  7716.7
38925000  7716.7
38950000  7716.7
38975000  7716.7
39000000  7716.7
39025000  7716.7
39050000  7716.7
39075000  7716.7
39100000  7716.7
39125000  7716.7
39150000  7716.7
39175000  7716.7
39200000  7716.7
39225000  7716.7
39250000  7716.7
39275000  7716.7
39300000  7716.7
39325000  7716.7
39350000  7716.7
39375000  7716.7
39400000  7716.7
39425000  7716.7
39450000  7716.7
39475000  7716.7
39500000  7716.7
39525000  7716.7
39550000  7716.7
39575000  7716.7
39600000  7716.7
39625000  7716.7
39650000  7716.7
39675000  7716.7
39700000  7716.7
39725000  7716.7
39750000  7716.7
39775000  7716.7
39800000  7716.7
39825000  7716.7
39850000  7716.7
39875000  7716.7
39900000  7716.7
39925000  7716.7
39950000  7716.7
39975000  7716.7
40000000  7716.7
40000001 52812.8
40025000 46811.8
40050000 41724.1
40075000 45552.9
40100000 46404.3
40125000 45951.5
40150000 42564.6
40175000 45314.4
40200000 45835.2
40225000 43422.9
40250000 44385.4
40275000 41273.4
40300000 44015.4
40325000 44229.2
40350000 45509.5
40375000 41651.3
40400000 44252.2
40425000 45364.3
40450000 45015.9
40475000 42730.5
40500000 39374.4
40525000 40283.6
40550000 45119.7
40575000 44702.7
40600000 43306.1
40625000 46060.3
40650000 44543.9
40675000 45824.2
40700000 42877.8
40725000 44443.3
40750000 41330.9
40775000 43305.0
40800000 41973.1
40825000 43814.3
40850000 40259.1
40875000 41670.9
40900000 41128.4
40925000 39190.9
40950000 42468.2
40975000 41626.8
41000000 40978.3
41025000 42638.5
41050000 42682.4
41075000 38463.5
41100000 44097.3
41125000 38501.2
41150000 40036.4
41175000 39720.6
41200000 41671.0
41225000 40538.6
41250000 37132.0
41275000 40197.2
41300000 44874.5
41325000 35915.1
41350000 39301.7
41375000 38265.5
41400000 38106.5
41425000 38866.5
41450000 38942.3
41475000 38873.1
41500000 32989.4
41525000 37940.2
41550000 39271.8
41575000 38878.3
41600000 34993.8
41625000 34993.0
41650000 33349.4
41675000 39423.0
41700000 37004.8
41725000 34166.6
41750000 38524.2
41775000 32797.9
41800000 34720.6
41825000 31988.0
41850000 32226.3
41875000 32996.4
41900000 33949.8
41925000 32856.4
41950000 33529.6
41975000 29108.6
42000000 32941.4
42025000 36232.7
42050000 32169.1
42075000 30177.0
42100000 27868.4
42125000 32587.6
42150000 26299.6
42175000 31527.5
42200000 29332.1
42225000 29134.3
42250000 31257.3
42275000 30423.5
42300000 28082.9
42325000 29302.0
42350000 23373.2
42375000 25955.2
42400000 26591.7
42425000 26304.8
42450000 26442.1
42475000 27295.2
42500000 23650.1
42525000 24894.8
42550000 22514.1
42575000 25380.7
42600000 23426.7
42625000 22462.7
42650000 22008.0
42675000 25526.4
42700000 19957.4
42725000 19713.6
42750000 20848.9
42775000 19373.1
42800000 23482.3
42825000 18863.0
42850000 20433.3
42875000 17796.3
42900000 17876.0
42925000 19987.5
42950000 18209.1
42975000 16735.9
43000000 18879.4
43025000 18698.1
43050000 18231.3
43075000 14860.8
43100000 14605.4
43125000 14542.5
43150000 12898.4
43175000 13936.2
43200000 12599.7
43225000 12238.4
43250000 12080.9
43275000 14610.9
43300000 14420.5
43325000 13546.9
43350000 12920.1
43375000 11808.1
43400000 12517.0
43425000 12867.7
43450000 12562.3
43475000 12066.1
43500000 13228.7
43525000 12584.6
43550000 13389.5
43575000 12872.2
43600000 12727.5
43625000 12649.9
43650000 11182.5
43675000 11567.3
43700000 11393.4
43725000 12402.0
43750000 11952.0
43775000 11875.2
43800000 11187.8
43825000 10867.4
43850000 10216.7
43875000 10376.4
43900000 10514.9
43925000 11806.7
43950000 10790.7
43975000 10427.4
44000000 10682.3
44025000  9979.5
44050000 10074.2
44075000  9528.6
44100000  9744.2
44125000  9991.5
44150000  9726.3
44175000  9782.2
44200000  9281.7
44225000  9245.1
44250000  9116.1
44275000  9552.9
44300000  9130.2
44325000  9125.5
44350000  8739.4
44375000  9047.4
44400000  8697.9
44425000  9014.2
44450000  9003.9
44475000  8953.7
44500000  8921.9
44525000  8663.3
44550000  8900.7
44575000  8973.9
44600000  9009.5
44625000  8368.2
44650000  8085.4
44675000  7961.7
44700000  8103.1
44725000  8344.8
44750000  8348.4
44775000  8203.7
44800000  8288.3
44825000  8180.9
44850000  8206.9
44875000  8125.6
44900000  8305.2
44925000  8349.3
44950000  8026.9
44975000  8129.6
45000000  7926.8
45025000  8040.0
45050000  8184.7
45075000  8206.2
45100000  8144.1
45125000  8164.3
45150000  8247.7
45175000  8105.5
45200000  8170.7
45225000  8122.8
45250000  8057.2
45275000  8116.7
45300000  8024.2
45325000  8039.3
45350000  8212.6
45375000  8099.6
45400000  7968.7
45425000  7797.6
45450000  8006.6
45475000  8236.1
45500000  8071.5
45525000  8139.3
45550000  8050.1
45575000  8124.9
45600000  7915.2
45625000  7886.7
45650000  7972.0
45675000  7963.9
45700000  8018.7
45725000  7990.8
45750000  7824.4
45775000  7982.6
45800000  7784.0
45825000  7821.6
45850000  7869.5
45875000  7932.6
45900000  7867.8
45925000  7942.5
45950000  7976.6
45975000  7866.2
46000000  7917.9
46025000  7947.4
46050000  7874.6
46075000  7812.8
46100000  7832.8
46125000  7885.2
46150000  7868.7
46175000  7768.1
46200000  7918.3
46225000  7867.6
46250000  7857.4
46275000  7823.0
46300000  7853.0
46325000  7729.7
46350000  7779.5
46375000  7866.4
46400000  7824.2
46425000  7760.6
46450000  7780.3
46475000  7890.3
46500000  7817.1
46525000  7858.9
46550000  7903.3
46575000  7783.0
46600000  7760.7
46625000  7818.6
46650000  7799.6
46675000  7836.0
46700000  7763.9
46725000  7827.0
46750000  7788.0
46775000  7778.3
46800000  7870.5
46825000  7859.9
46850000  7816.8
46875000  7822.8
46900000  7799.7
46925000  7765.9
46950000  7850.7
46975000  7872.2
47000000  7748.8
47025000  7783.3
47050000  7738.9
47075000  7812.5
47100000  7800.5
47125000  7808.9
47150000  7854.7
47175000  7800.7
47200000  7773.4
47225000  7779.0
47250000  7738.7
47275000  7773.8
47300000  7819.9
47325000  7799.1
47350000  7835.5
47375000  7814.6
47400000  7778.9
47425000  7754.2
47450000  7777.6
47475000  7768.1
47500000  7796.1
47525000  7762.1
47550000  7816.6
47575000  7792.1
47600000  7764.5
47625000  7748.3
47650000  7720.4
47675000  7799.3
47700000  7751.6
47725000  7793.7
47750000  7747.7
47775000  7756.4
47800000  7754.8
47825000  7761.1
47850000  7731.8
47875000  7728.7
47900000  7769.8
47925000  7751.0
47950000  7769.3
47975000  7754.9
48000000  7780.0
48025000  7738.4
48050000  7729.1
48075000  7770.8
48100000  7763.5
48125000  7729.9
48150000  7750.2
48175000  7742.2
48200000  7740.0
48225000  7727.5
48250000  7741.1
48275000  7718.9
48300000  7724.5
48325000  7757.7
48350000  7732.6
48375000  7734.9
48400000  7746.5
48425000  7764.5
48450000  7748.8
48475000  7744.1
48500000  7728.3
48525000  7716.7
48550000  7722.4
48575000  7734.0
48600000  7730.4
48625000  7724.0
48650000  7752.0
48675000  7750.3
48700000  7733.0
48725000  7737.6
48750000  7740.1
48775000  7731.1
48800000  7721.6
48825000  7724.3
48850000  7726.7
48875000  7738.5
48900000  7728.1
48925000  7732.5
48950000  7715.4
48975000  7732.3
49000000  7730.4
49025000  7714.1
49050000  7716.3
49075000  7753.5
49100000  7738.6
49125000  7726.5
49150000  7723.3
49175000  7713.4
49200000  7721.4
49225000  7752.1
49250000  7724.8
49275000  7733.2
49300000  7715.8
49325000  7728.8
49350000  7716.3
49375000  7723.2
49400000  7724.3
49425000  7718.6
49450000  7714.1
49475000  7717.8
49500000  7717.4
49525000  7715.8
49550000  7732.6
49575000  7714.3
49600000  7718.6
49625000  7714.6
49650000  7727.2
49675000  7716.1
49700000  7713.6
49725000  7718.7
49750000  7722.4
49775000  7726.8
49800000  7714.3
49825000  7742.5
49850000  7731.1
49875000  7729.8
49900000  7730.7
49925000  7723.6
49950000  7732.2
49975000  7722.9
50000000  7723.1
50025000  7727.6
50050000  7723.8
50075000  7719.6
50100000  7729.5
50125000  7725.2
50150000  7719.9
50175000  7727.0
50200000  7725.1
50225000  7718.8
50250000  7728.6
50275000  7719.9
50300000  7726.8
50325000  7719.6
50350000  7735.2
50375000  7719.9
50400000  7727.2
50425000  7728.5
50450000  7723.8
50475000  7721.9
50500000  7722.8
50525000  7721.1
50550000  7721.3
50575000  7722.0
50600000  7720.3
50625000  7719.9
50650000  7718.6
50675000  7719.6
50700000  7724.7
50725000  7720.6
50750000  7718.8
50775000  7722.8
50800000  7727.6
50825000  7724.4
50850000  7720.4
50875000  7722.6
50900000  7721.1
50925000  7719.6
50950000  7721.3
50975000  7717.9
51000000  7717.9
51025000  7720.2
51050000  7721.7
51075000  7721.7
51100000  7724.6
51125000  7719.9
51150000  7721.9
51175000  7717.9
51200000  7717.9
51225000  7721.7
51250000  7721.1
51275000  7722.8
51300000  7721.6
51325000  7724.7
51350000  7724.8
51375000  7721.3
51400000  7723.6
51425000  7721.3
51450000  7718.8
51475000  7718.8
51500000  7723.3
51525000  7717.9
51550000  7723.1
51575000  7721.1
51600000  7718.8
51625000  7723.1
51650000  7721.6
51675000  7719.6
51700000  7719.9
51725000  7723.1
51750000  7717.9
51775000  7718.8
51800000  7718.6
51825000  7718.8
51850000  7718.6
51875000  7720.3
51900000  7718.8
51925000  7718.6
51950000  7718.6
51975000  7718.1
52000000  7717.9
52025000  7717.9
52050000  7718.8
52075000  7719.9
52100000  7717.9
52125000  7720.6
52150000  7720.3
52175000  7719.6
52200000  7723.6
52225000  7720.2
52250000  7720.9
52275000  7720.9
52300000  7720.4
52325000  7725.9
52350000  7720.9
52375000  7720.4
52400000  7720.4
52425000  7717.9
52450000  7717.9
52475000  7719.9
52500000  7718.1
52525000  7717.9
52550000  7719.6
52575000  7718.6
52600000  7721.1
52625000  7720.6
52650000  7718.6
52675000  7718.6
52700000  7718.6
52725000  7718.8
52750000  7718.6
52775000  7718.8
52800000  7719.6
52825000  7719.6
52850000  7717.9
52875000  7717.9
52900000  7718.1
52925000  7718.8
52950000  7718.8
52975000  7717.9
53000000  7717.9
53025000  7718.1
53050000  7719.9
53075000  7717.9
53100000  7717.9
53125000  7717.9
53150000  7717.9
53175000  7717.9
53200000  7717.9
53225000  7718.1
53250000  7717.9
53275000  7718.1
53300000  7718.1
53325000  7718.1
53350000  7717.9
53375000  7718.1
53400000  7717.9
53425000  7719.6
53450000  7717.9
53475000  7717.9
53500000  7717.9
53525000  7718.1
53550000  7717.9
53575000  7718.1
53600000  7718.1
53625000  7717.9
53650000  7717.9
53675000  7721.1
53700000  7717.9
53725000  7717.9
53750000  7717.9
53775000  7717.9
53800000  7717.9
53825000  7718.6
53850000  7718.6
53875000  7717.9
53900000  7717.9
53925000  7718.1
53950000  7718.1
53975000  7717.9
54000000  7717.9
54025000  7717.9
54050000  7718.1
54075000  7717.9
54100000  7717.9
54125000  7717.9
54150000  7718.1
54175000  7717.9
54200000  7717.9
54225000  7717.9
54250000  7718.1
54275000  7718.1
54300000  7718.1
54325000  7718.1
54350000  7718.1
54375000  7718.1
54400000  7717.9
54425000  7717.9
54450000  7717.9
54475000  7718.1
54500000  7717.9
54525000  7718.1
54550000  7718.1
54575000  7717.9
54600000  7717.9
54625000  7718.1
54650000  7717.9
54675000  7718.1
54700000  7718.1
54725000  7718.1
54750000  7717.9
54775000  7718.1
54800000  7718.1
54825000  7717.9
54850000  7717.9
54875000  7717.9
54900000  7717.9
54925000  7717.9
54950000  7717.9
54975000  7717.9
55000000  7718.1
55025000  7717.9
55050000  7717.9
55075000  7717.9
55100000  7717.9
55125000  7717.9
55150000  7717.9
55175000  7717.9
55200000  7717.9
55225000  7717.9
55250000  7718.1
55275000  7717.9
55300000  7717.9
55325000  7717.9
55350000  7718.1
55375000  7717.9
55400000  7717.9
55425000  7717.9
55450000  7717.9
55475000  7718.1
55500000  7718.1
55525000  7717.9
55550000  7717.9
55575000  7717.9
55600000  7717.9
55625000  7717.9
55650000  7717.9
55675000  7717.9
55700000  7718.1
55725000  7717.9
55750000  7717.9
55775000  7717.9
55800000  7718.1
55825000  7717.9
55850000  7717.9
55875000  7717.9
55900000  7717.9
55925000  7717.9
55950000  7717.9
55975000  7717.9
56000000  7717.9
56025000  7717.9
56050000  7717.9
56075000  7717.9
56100000  7717.9
56125000  7717.9
56150000  7717.9
56175000  7717.9
56200000  7717.9
56225000  7717.9
56250000  7717.9
56275000  7717.9
56300000  7717.9
56325000  7717.9
56350000  7717.9
56375000  7717.9
56400000  7717.9
56425000  7717.9
56450000  7717.9
56475000  7717.9
56500000  7717.9
56525000  7717.9
56550000  7717.9
56575000  7717.9
56600000  7717.9
56625000  7717.9
56650000  7717.9
56675000  7717.9
56700000  7717.9
56725000  7717.9
56750000  7717.9
56775000  7717.9
56800000  7717.9
56825000  7717.9
56850000  7717.9
56875000  7717.9
56900000  7717.9
56925000  7717.9
56950000  7717.9
56975000  7717.9
57000000  7717.9
57025000  7717.9
57050000  7717.9
57075000  7717.9
57100000  7717.9
57125000  7717.9
57150000  7717.9
57175000  7717.9
57200000  7717.9
57225000  7717.9
57250000  7717.9
57275000  7717.9
57300000  7717.9
57325000  7717.9
57350000  7717.9
57375000  7717.9
57400000  7717.9
57425000  7717.9
57450000  7717.9
57475000  7717.9
57500000  7717.9
57525000  7717.9
57550000  7717.9
57575000  7717.9
57600000  7717.9
57625000  7717.9
57650000  7717.9
57675000  7717.9
57700000  7717.9
57725000  7717.9
57750000  7717.9
57775000  7717.9
57800000  7717.9
57825000  7717.9
57850000  7717.9
57875000  7717.9
57900000  7717.9
57925000  7717.9
57950000  7717.9
57975000  7717.9
58000000  7717.9
58025000  7717.9
58050000  7717.9
58075000  7717.9
58100000  7717.9
58125000  7717.9
58150000  7717.9
58175000  7717.9
58200000  7717.9
58225000  7717.9
58250000  7717.9
58275000  7717.9
58300000  7717.9
58325000  7717.9
58350000  7717.9
58375000  7717.9
58400000  7717.9
58425000  7717.9
58450000  7717.9
58475000  7717.9
58500000  7717.9
58525000  7717.9
58550000  7717.9
58575000  7717.9
58600000  7717.9
58625000  7717.9
58650000  7717.9
58675000  7717.9
58700000  7717.9
58725000  7717.9
58750000  7717.9
58775000  7717.9
58800000  7717.9
58825000  7717.9
58850000  7717.9
58875000  7717.9
58900000  7717.9
58925000  7717.9
58950000  7717.9
58975000  7717.9
59000000  7717.9
59025000  7717.9
59050000  7717.9
59075000  7717.9
59100000  7717.9
59125000  7717.9
59150000  7717.9
59175000  7717.9
59200000  7717.9
59225000  7717.9
59250000  7717.9
59275000  7717.9
59300000  7717.9
59325000  7717.9
59350000  7717.9
59375000  7717.9
59400000  7717.9
59425000  7717.9
59450000  7717.9
59475000  7717.9
59500000  7717.9
59525000  7717.9
59550000  7717.9
59575000  7717.9
59600000  7717.9
59625000  7717.9
59650000  7717.9
59675000  7717.9
59700000  7717.9
59725000  7717.9
59750000  7717.9
59775000  7717.9
59800000  7717.9
59825000  7717.9
59850000  7717.9
59875000  7717.9
59900000  7717.9
59925000  7717.9
59950000  7717.9
59975000  7717.9
60000000  7717.9
