1 50479.5
100 47420.2
200 42764.7
300 41863.7
400 41446.1
500 41213.8
600 40583.2
700 40533.2
800 39566.1
900 38939.1
1000 37509.9
1100 36618.6
1200 35598.5
1300 33548.4
1400 32270.4
1500 31716.0
1600 30981.7
1700 30600.2
1800 30336.5
1900 29763.9
2000 28503.9
2100 28224.3
2200 28112.7
2300 28071.4
2400 27865.9
2500 27617.7
2600 27588.0
2700 27565.1
2800 27407.9
2900 27155.1
3000 27094.5
3100 27094.5
3200 26884.0
3300 26858.3
3400 26597.8
3500 26407.0
3600 26285.1
3700 26258.9
3800 26186.2
3900 25823.2
4000 25405.9
4100 25292.4
4200 24800.0
4300 24641.5
4400 24401.5
4500 24219.1
4600 23765.9
4700 23608.5
4800 23488.7
4900 23462.8
5000 23462.8
5100 23452.5
5200 23452.5
5300 23133.1
5400 23105.0
5500 23105.0
5600 22940.8
5700 22706.7
5800 22706.7
5900 22706.7
6000 22666.5
6100 22666.5
6200 22576.0
6300 22247.3
6400 21922.8
6500 21912.6
6600 21752.8
6700 21645.9
6800 21628.8
6900 21551.0
7000 21521.1
7100 21433.0
7200 21289.9
7300 21004.9
7400 20835.9
7500 20708.6
7600 20655.3
7700 20618.5
7800 20538.9
7900 20386.6
8000 20383.3
8100 20383.3
8200 20383.3
8300 20338.4
8400 20300.7
8500 20300.7
8600 20266.4
8700 20240.4
8800 20140.0
8900 20140.0
9000 20009.6
9100 19870.9
9200 19870.9
9300 19758.2
9400 19731.3
9500 19731.3
9600 19719.4
9700 19719.4
9800 19719.4
9900 19719.4
10000 19681.2
10100 19670.9
10200 19643.2
10300 19643.2
10400 19477.1
10500 19477.1
10600 19470.8
10700 19470.8
10800 19407.2
10900 19385.9
11000 19369.0
11100 19362.7
11200 50767.0
11300 47645.9
11400 43126.2
11500 40918.2
11600 39512.5
11700 38295.9
11800 37731.3
11900 37120.8
12000 35873.1
12100 34935.5
12200 34228.2
12300 34030.8
12400 33808.6
12500 33738.8
12600 33512.3
12700 32775.5
12800 31766.6
12900 30941.8
13000 30370.4
13100 30358.7
13200 30358.7
13300 29792.4
13400 29217.7
13500 28924.3
13600 28759.7
13700 28759.7
13800 28759.7
13900 28059.8
14000 27828.5
14100 27779.4
14200 27660.2
14300 26948.4
14400 26948.4
14500 26941.1
14600 26854.9
14700 26661.4
14800 26661.4
14900 26661.4
15000 26502.5
15100 26431.8
15200 25779.6
15300 25549.2
15400 25277.1
15500 25271.2
15600 25170.3
15700 25166.9
15800 25123.8
15900 25061.9
16000 25047.9
16100 25021.3
16200 24603.8
16300 24554.0
16400 24477.0
16500 24312.9
16600 24087.3
16700 24015.6
16800 23947.5
16900 23947.5
17000 23878.2
17100 23615.3
17200 23474.5
17300 23446.2
17400 23221.5
17500 23184.8
17600 22981.9
17700 22960.6
17800 22732.7
17900 22717.3
18000 22717.3
18100 22717.3
18200 22673.3
18300 22580.1
18400 22449.3
18500 22373.2
18600 22317.8
18700 22279.6
18800 22279.6
18900 22243.0
19000 22016.0
19100 21974.5
19200 21879.0
19300 21879.0
19400 21868.8
19500 21832.2
19600 21832.2
19700 21832.2
19800 21829.1
19900 21829.1
20000 21769.1
20100 21769.1
20200 21580.2
20300 21577.2
20400 21505.7
20500 21505.7
20600 21455.4
20700 21455.4
20800 21455.4
20900 21436.0
21000 21355.7
21100 21327.6
21200 21327.6
21300 21291.5
21400 21291.5
21500 21291.5
21600 21231.4
21700 21231.4
21800 21231.4
21900 21231.4
22000 21177.6
22100 20993.1
22200 20931.4
22300 20800.3
22400 50472.8
22500 43328.6
22600 41624.4
22700 40705.9
22800 40441.2
22900 37614.5
23000 36302.6
23100 35608.8
23200 34816.2
23300 34557.3
23400 34557.3
23500 34557.3
23600 34557.3
23700 34542.2
23800 34385.8
23900 32784.7
24000 31629.4
24100 31075.9
24200 30486.8
24300 29586.6
24400 28971.3
24500 28834.6
24600 28689.9
24700 28363.7
24800 27873.4
24900 27718.1
25000 27655.9
25100 27557.0
25200 27451.5
25300 27447.3
25400 27405.8
25500 27350.0
25600 27346.7
25700 27045.0
25800 26867.7
25900 26115.3
26000 25825.3
26100 25746.4
26200 25746.4
26300 25746.4
26400 25746.4
26500 25712.8
26600 25701.8
26700 25400.3
26800 25119.6
26900 24984.6
27000 24818.4
27100 24817.3
27200 24817.3
27300 24817.3
27400 24787.7
27500 24684.6
27600 24627.3
27700 24572.9
27800 24572.9
27900 24563.0
28000 24469.9
28100 24328.6
28200 24253.4
28300 24168.4
28400 24139.3
28500 23927.3
28600 23424.2
28700 23266.1
28800 23169.8
28900 23129.1
29000 23042.9
29100 22843.3
29200 22386.0
29300 22106.9
29400 22101.9
29500 21969.4
29600 21827.0
29700 21805.3
29800 21805.3
29900 21693.4
30000 21655.1
30100 21493.4
30200 21481.5
30300 21437.8
30400 21437.8
30500 21437.8
30600 21350.6
30700 21350.6
30800 21297.4
30900 21138.9
31000 21065.0
31100 20924.1
31200 20911.0
31300 20911.0
31400 20901.5
31500 20611.2
31600 20598.8
31700 20580.6
31800 20548.3
31900 20432.3
32000 20334.7
32100 20334.7
32200 20334.7
32300 20278.3
32400 20238.2
32500 20238.2
32600 20238.2
32700 20238.2
32800 20183.5
32900 20148.9
33000 20138.7
33100 20053.9
33200 20053.9
33300 20053.9
33400 20010.1
33500 20010.1
33600 49725.4
33700 48834.5
33800 48575.8
33900 46291.1
34000 44072.6
34100 38266.2
34200 37696.4
34300 37504.6
34400 37436.9
34500 36629.3
34600 35948.3
34700 35198.7
34800 33960.4
34900 33008.4
35000 32361.6
35100 31943.6
35200 31941.5
35300 31941.5
35400 31882.5
35500 31402.8
35600 31202.3
35700 30652.4
35800 30153.4
35900 30007.8
36000 29804.4
36100 29418.7
36200 29330.2
36300 29108.7
36400 28585.4
36500 28356.1
36600 27989.1
36700 27020.7
36800 26816.4
36900 26519.6
37000 26339.5
37100 26201.7
37200 26098.9
37300 26098.9
37400 25813.9
37500 25802.1
37600 25802.1
37700 25690.9
37800 25690.9
37900 25634.8
38000 25354.2
38100 25187.9
38200 25187.9
38300 25134.1
38400 25134.1
38500 24729.8
38600 24717.9
38700 24609.6
38800 23919.4
38900 23690.7
39000 23281.7
39100 22891.5
39200 22756.3
39300 22597.2
39400 22546.2
39500 22444.6
39600 22012.1
39700 21937.7
39800 21642.2
39900 21446.5
40000 21403.1
40100 21399.6
40200 21360.6
40300 21353.7
40400 21234.9
40500 21045.2
40600 20995.9
40700 20995.9
40800 20995.9
40900 20995.9
41000 20995.9
41100 20885.8
41200 20792.4
41300 20578.4
41400 20578.4
41500 20578.4
41600 20578.4
41700 20578.4
41800 20578.4
41900 20488.2
42000 20431.0
42100 20431.0
42200 20431.0
42300 20292.2
42400 20223.2
42500 20091.7
42600 20075.5
42700 19906.7
42800 19833.0
42900 19589.6
43000 19589.6
43100 19424.0
43200 19424.0
43300 19339.9
43400 19139.5
43500 19044.7
43600 19044.7
43700 19044.7
43800 19044.7
43900 18824.9
44000 18824.9
44100 18726.3
44200 18682.2
44300 18475.5
44400 18328.4
44500 18328.4
44600 18303.9
44700 18232.8
44800 46959.7
44900 42829.1
45000 40476.7
45100 38932.9
45200 37801.6
45300 36432.2
45400 36207.5
45500 35451.2
45600 35132.6
45700 34856.7
45800 34348.9
45900 33860.8
46000 32891.5
46100 32224.7
46200 31623.5
46300 31032.6
46400 30902.2
46500 30729.0
46600 30136.1
46700 30124.5
46800 30028.2
46900 30028.2
47000 29625.8
47100 29373.0
47200 29238.9
47300 28879.7
47400 28383.6
47500 27658.6
47600 27501.9
47700 27263.7
47800 27181.2
47900 27049.1
48000 26925.4
48100 26671.9
48200 26425.1
48300 26240.3
48400 26015.9
48500 25686.1
48600 25502.7
48700 25261.4
48800 25172.0
48900 25172.0
49000 25172.0
49100 25172.0
49200 25133.8
49300 25111.8
49400 24849.8
49500 24682.8
49600 24682.8
49700 24498.5
49800 24498.5
49900 24490.5
50000 24448.1
50100 24218.1
50200 23471.8
50300 23464.0
50400 23339.7
50500 23339.7
50600 23339.7
50700 23339.7
50800 23314.3
50900 23236.9
51000 23122.3
51100 22929.2
51200 22929.2
51300 22911.7
51400 22866.2
51500 22866.2
51600 22866.2
51700 22866.2
51800 22812.5
51900 22792.2
52000 22652.8
52100 22562.9
52200 22528.7
52300 22464.9
52400 22464.9
52500 22056.6
52600 22003.4
52700 21982.3
52800 21976.9
52900 21734.1
53000 21703.8
53100 21645.1
53200 21446.6
53300 21432.8
53400 21432.8
53500 21432.8
53600 21378.4
53700 21342.5
53800 21336.9
53900 21321.8
54000 21244.5
54100 21206.8
54200 21172.5
54300 21172.5
54400 21154.7
54500 21076.8
54600 21076.8
54700 20940.5
54800 20765.1
54900 20599.2
55000 20599.2
55100 20599.2
55200 20599.2
55300 20599.2
55400 20599.2
55500 20599.2
55600 20584.0
55700 20527.2
55800 20527.2
55900 54842.6
56000 50351.1
56100 48921.9
56200 48320.8
56300 47518.0
56400 45885.2
56500 44104.0
56600 41170.0
56700 38886.7
56800 37946.4
56900 37193.4
57000 37041.2
57100 36216.7
57200 35790.9
57300 34918.4
57400 34315.3
57500 33977.3
57600 33804.2
57700 33486.0
57800 33058.1
57900 32690.7
58000 30739.4
58100 30202.3
58200 30154.7
58300 29505.0
58400 29495.7
58500 29473.4
58600 29301.2
58700 29301.2
58800 29301.2
58900 28887.3
59000 28780.6
59100 28780.6
59200 28780.6
59300 28351.0
59400 27077.9
59500 26452.1
59600 26143.1
59700 25258.0
59800 24825.8
59900 24774.3
60000 24662.7
60100 24523.6
60200 24067.1
60300 23693.8
60400 23636.7
60500 23615.3
60600 23508.9
60700 23315.5
60800 22795.1
60900 22602.5
61000 22419.8
61100 22027.4
61200 22027.4
61300 21858.6
61400 21727.4
61500 21680.3
61600 21629.7
61700 21380.2
61800 21380.2
61900 21252.6
62000 21200.3
62100 21182.8
62200 21182.8
62300 21182.8
62400 21175.9
62500 21175.9
62600 21162.9
62700 21136.0
62800 21136.0
62900 21020.8
63000 21001.4
63100 20906.1
63200 20906.1
63300 20880.7
63400 20814.8
63500 20814.8
63600 20814.8
63700 20814.8
63800 20641.9
63900 20576.7
64000 20576.7
64100 20576.7
64200 20554.6
64300 20488.9
64400 20468.4
64500 20461.7
64600 20461.7
64700 20438.4
64800 20326.0
64900 20284.8
65000 20058.0
65100 20058.0
65200 20058.0
65300 19977.3
65400 19910.2
65500 19886.0
65600 19856.5
65700 19786.3
65800 19786.3
65900 19786.3
66000 19773.3
66100 19773.3
66200 19729.2
66300 19576.7
66400 19532.8
66500 19435.9
66600 19413.4
66700 19369.7
66800 19354.4
66900 19297.2
67000 19183.0
67100 50865.4
67200 45320.0
67300 42169.1
67400 40082.6
67500 37861.1
67600 37553.8
67700 36982.0
67800 35513.1
67900 35302.9
68000 34735.9
68100 34434.0
68200 32521.1
68300 32243.4
68400 31625.8
68500 31453.9
68600 31266.3
68700 30727.9
68800 30603.3
68900 29992.4
69000 29851.5
69100 29407.4
69200 29389.5
69300 29389.5
69400 29201.9
69500 28823.0
69600 28522.9
69700 28317.6
69800 28263.5
69900 28263.5
70000 28253.2
70100 28216.8
70200 28051.5
70300 27980.3
70400 27161.0
70500 26996.3
70600 26952.7
70700 26746.3
70800 26543.8
70900 26188.1
71000 25910.0
71100 25512.9
71200 25353.3
71300 25062.2
71400 24997.3
71500 24793.3
71600 24622.6
71700 24566.5
71800 24447.4
71900 24447.4
72000 24447.4
72100 24447.4
72200 24384.5
72300 24300.3
72400 24244.4
72500 24227.3
72600 24183.3
72700 23993.0
72800 23340.1
72900 23022.7
73000 22965.2
73100 22842.5
73200 22804.5
73300 22804.5
73400 22777.7
73500 22777.7
73600 22762.7
73700 22751.7
73800 22698.0
73900 22500.8
74000 22253.4
74100 22231.9
74200 22231.9
74300 22159.5
74400 22109.0
74500 22084.2
74600 21905.9
74700 21905.9
74800 21905.9
74900 21905.9
75000 21905.9
75100 21842.4
75200 21769.3
75300 21604.3
75400 21423.5
75500 21331.0
75600 21265.9
75700 21203.0
75800 20935.9
75900 20704.3
76000 20677.9
76100 20456.6
76200 20432.0
76300 20431.8
76400 20196.9
76500 20196.9
76600 20134.1
76700 20129.1
76800 20129.1
76900 20065.6
77000 19963.6
77100 19963.6
77200 19925.4
77300 19877.6
77400 19597.6
77500 19586.7
77600 19475.0
77700 19457.3
77800 19429.7
77900 19421.2
78000 19415.9
78100 19403.9
78200 19238.9
78300 51751.1
78400 44827.3
78500 42570.0
78600 39851.6
78700 38375.5
78800 37308.0
78900 36404.5
79000 36076.2
79100 34744.4
79200 34523.5
79300 33039.6
79400 32643.4
79500 32522.5
79600 32302.8
79700 32004.3
79800 31731.3
79900 30843.7
80000 30528.7
80100 30173.8
80200 29728.2
80300 29133.0
80400 28780.6
80500 28680.4
80600 28441.1
80700 28410.9
80800 28301.1
80900 28179.0
81000 27863.8
81100 27863.8
81200 27685.6
81300 26988.8
81400 26760.3
81500 26612.0
81600 26519.0
81700 26519.0
81800 26479.8
81900 26479.8
82000 26393.7
82100 26393.7
82200 26393.7
82300 25953.6
82400 25894.6
82500 25513.1
82600 25431.5
82700 25386.3
82800 25140.7
82900 25112.8
83000 25052.2
83100 25052.2
83200 24803.8
83300 24803.8
83400 24803.8
83500 24802.3
83600 24735.7
83700 24686.4
83800 24686.4
83900 24278.4
84000 24267.1
84100 24194.2
84200 24194.2
84300 24194.2
84400 24194.2
84500 24023.8
84600 23985.2
84700 23985.2
84800 23985.2
84900 23899.7
85000 23665.5
85100 23262.7
85200 23009.6
85300 23009.6
85400 22940.5
85500 22940.5
85600 22805.6
85700 22794.4
85800 22678.8
85900 22592.2
86000 22499.6
86100 22404.5
86200 22404.5
86300 22314.2
86400 22214.5
86500 22126.1
86600 21949.8
86700 21946.0
86800 21946.0
86900 21943.5
87000 21943.5
87100 21943.5
87200 21843.5
87300 21749.5
87400 21667.9
87500 21667.9
87600 21656.6
87700 21656.6
87800 21524.4
87900 21501.7
88000 21497.8
88100 21393.3
88200 21336.8
88300 21087.1
88400 21023.7
88500 21023.7
88600 20901.4
88700 20832.3
88800 20805.5
88900 20759.0
89000 20759.0
89100 20755.5
89200 20709.9
89300 20709.9
89400 20662.8
89500 49638.4
89600 46910.7
89700 41783.6
89800 39291.4
89900 37106.4
90000 36446.4
90100 36421.9
90200 35967.3
90300 35933.4
90400 35652.3
90500 35117.0
90600 34708.4
90700 33903.5
90800 32525.5
90900 32254.8
91000 32093.0
91100 32044.2
91200 31585.5
91300 31555.7
91400 31429.6
91500 31179.0
91600 30925.4
91700 30558.8
91800 30442.7
91900 30324.1
92000 30129.2
92100 30129.2
92200 29681.2
92300 28575.2
92400 28154.1
92500 28088.9
92600 27901.5
92700 27844.1
92800 27786.0
92900 27625.2
93000 27497.7
93100 27341.7
93200 27341.7
93300 27341.7
93400 27341.7
93500 27341.7
93600 27300.7
93700 27134.6
93800 26975.1
93900 26724.0
94000 26574.1
94100 26551.7
94200 26551.7
94300 26450.0
94400 26221.7
94500 25854.6
94600 25688.8
94700 25688.8
94800 25638.0
94900 25449.0
95000 25117.6
95100 25057.4
95200 24751.5
95300 24290.3
95400 24232.7
95500 24232.7
95600 23892.9
95700 23609.9
95800 23609.9
95900 23609.9
96000 23516.6
96100 23485.6
96200 23340.5
96300 23136.2
96400 22981.3
96500 22669.6
96600 22669.6
96700 22669.6
96800 22544.5
96900 22022.1
97000 21687.4
97100 21510.6
97200 21509.5
97300 21509.5
97400 21384.1
97500 21286.0
97600 21247.5
97700 21164.9
97800 20984.1
97900 20971.9
98000 20971.9
98100 20971.9
98200 20971.9
98300 20971.9
98400 20971.9
98500 20971.9
98600 20950.6
98700 20950.6
98800 20911.9
98900 20748.3
99000 20603.5
99100 20603.5
99200 20543.3
99300 20363.7
99400 20251.1
99500 20251.1
99600 20223.0
99700 20223.0
99800 20216.1
99900 20216.1
100000 20153.7
100100 20081.6
100200 20081.6
100300 20073.6
100400 20022.4
100500 19985.1
100600 51933.2
100700 50497.1
100800 49149.6
100900 47293.5
101000 42263.7
101100 39448.0
101200 38095.2
101300 38095.2
101400 37570.4
101500 37082.9
101600 36866.1
101700 36609.9
101800 36531.2
101900 36377.5
102000 34536.3
102100 34536.3
102200 33671.6
102300 33242.7
102400 33212.4
102500 32913.9
102600 32574.2
102700 30845.6
102800 30118.8
102900 30012.8
103000 29625.6
103100 29143.6
103200 28537.3
103300 28350.7
103400 27859.3
103500 27439.3
103600 27439.3
103700 27310.9
103800 26892.8
103900 26645.2
104000 25896.9
104100 25637.2
104200 25533.3
104300 25498.0
104400 25460.8
104500 25438.6
104600 25131.1
104700 25077.2
104800 25055.7
104900 24852.0
105000 24852.0
105100 24852.0
105200 24828.3
105300 24586.4
105400 24418.1
105500 24214.2
105600 23887.2
105700 23817.2
105800 23764.5
105900 23764.5
106000 23764.5
106100 23758.5
106200 23758.5
106300 23589.3
106400 23538.0
106500 23442.2
106600 23408.0
106700 23408.0
106800 23227.9
106900 22909.6
107000 22822.7
107100 22638.2
107200 22607.6
107300 22607.6
107400 22479.7
107500 22420.3
107600 22295.6
107700 22159.3
107800 21898.9
107900 21898.9
108000 21630.9
108100 21477.6
108200 21469.8
108300 21469.8
108400 21465.5
108500 21389.4
108600 21358.1
108700 21358.1
108800 21341.2
108900 21187.3
109000 20895.3
109100 20870.9
109200 20794.7
109300 20794.7
109400 20794.7
109500 20687.7
109600 20687.7
109700 20687.7
109800 20687.7
109900 20687.7
110000 20670.6
110100 20642.1
110200 20480.0
110300 20455.8
110400 20426.9
110500 20426.9
110600 20426.9
110700 20426.9
110800 20412.6
110900 20357.8
111000 20239.7
111100 20184.5
111200 20170.7
111300 20169.1
111400 20071.1
111500 20034.3
111600 20005.3
111700 19939.2
111800 52776.7
111900 49853.8
112000 43699.3
112100 42365.7
112200 41935.6
112300 41450.8
112400 41139.6
112500 40876.5
112600 40435.2
112700 39740.7
112800 38799.0
112900 36555.3
113000 35784.7
113100 35258.8
113200 34627.3
113300 34544.5
113400 34302.9
113500 34257.5
113600 34068.4
113700 34037.5
113800 33898.9
113900 33487.5
114000 33487.5
114100 33464.0
114200 32003.5
114300 31216.4
114400 30996.9
114500 30924.1
114600 30924.1
114700 30675.3
114800 30553.2
114900 30282.5
115000 29626.8
115100 29524.7
115200 29417.7
115300 28920.0
115400 28851.6
115500 28227.3
115600 28051.8
115700 27162.3
115800 27034.8
115900 27025.4
116000 27007.9
116100 27007.9
116200 26843.4
116300 26706.7
116400 26500.7
116500 26294.5
116600 26294.5
116700 26278.5
116800 26242.0
116900 26192.4
117000 26147.4
117100 25872.1
117200 25714.0
117300 25625.5
117400 25556.0
117500 25448.9
117600 25387.1
117700 25127.6
117800 25018.8
117900 24857.3
118000 24611.1
118100 24611.1
118200 24417.4
118300 24091.4
118400 23994.7
118500 23673.9
118600 23475.6
118700 23362.7
118800 23223.1
118900 23223.1
119000 23223.1
119100 23197.0
119200 23160.5
119300 23133.4
119400 23102.7
119500 23093.5
119600 23056.6
119700 23056.6
119800 23018.8
119900 23018.8
120000 23015.6
120100 23015.6
120200 23015.6
120300 22754.4
120400 22754.4
120500 22588.7
120600 22457.9
120700 22405.1
120800 22168.8
120900 21912.7
121000 21874.6
121100 21769.5
121200 21726.9
121300 21443.2
121400 21379.2
121500 21268.9
121600 20732.0
121700 20221.9
121800 20170.0
121900 19983.6
122000 19954.9
122100 19954.9
122200 19954.9
122300 19731.7
122400 19731.7
122500 19731.7
122600 19661.5
122700 19648.6
122800 19648.6
122900 19648.6
123000 49255.5
123100 44370.8
123200 43890.7
123300 43631.8
123400 43303.3
123500 43017.0
123600 42580.9
123700 40690.1
123800 38306.6
123900 37108.4
124000 36313.8
124100 35316.8
124200 34169.9
124300 33926.8
124400 33658.8
124500 33418.0
124600 32671.1
124700 32646.2
124800 32548.7
124900 32290.0
125000 32179.7
125100 31732.5
125200 30174.2
125300 30055.0
125400 29659.0
125500 29552.7
125600 29217.0
125700 29128.1
125800 29091.0
125900 29049.0
126000 28964.0
126100 28640.4
126200 28494.4
126300 28200.2
126400 27708.3
126500 27667.1
126600 27552.5
126700 27467.8
126800 27439.1
126900 27439.1
127000 27105.2
127100 26624.0
127200 26524.0
127300 26461.8
127400 26413.9
127500 26273.9
127600 26156.5
127700 26063.4
127800 25818.7
127900 25793.1
128000 25779.7
128100 25779.7
128200 25563.3
128300 25563.3
128400 25527.4
128500 25455.3
128600 25257.4
128700 25174.4
128800 24947.0
128900 24172.1
129000 24027.9
129100 23994.6
129200 23943.8
129300 23875.5
129400 23840.1
129500 23706.8
129600 23633.4
129700 23529.6
129800 23500.1
129900 23500.1
130000 23438.0
130100 23296.9
130200 23067.3
130300 23067.3
130400 22739.4
130500 22639.4
130600 22421.5
130700 22395.3
130800 22376.8
130900 22368.3
131000 22270.1
131100 22206.0
131200 22196.0
131300 22179.6
131400 22110.0
131500 21782.6
131600 21782.6
131700 21700.3
131800 21624.9
131900 21445.7
132000 21433.9
132100 21395.2
132200 21368.3
132300 21368.3
132400 21169.8
132500 21169.8
132600 21169.8
132700 21157.9
132800 21018.1
132900 21018.1
133000 20999.0
133100 20973.4
133200 20973.4
133300 20973.4
133400 20939.6
133500 20938.1
133600 20846.5
133700 20677.5
133800 20424.9
133900 20370.4
134000 20368.8
134100 20348.6
134200 52689.9
134300 48877.0
134400 44372.0
134500 43062.2
134600 42543.6
134700 41642.0
134800 38333.4
134900 37547.7
135000 36575.1
135100 36520.0
135200 36075.6
135300 34929.6
135400 33207.1
135500 32022.2
135600 31178.8
135700 31158.9
135800 30750.8
135900 30743.9
136000 30528.5
136100 30224.9
136200 30108.9
136300 29851.9
136400 29365.1
136500 28874.5
136600 28587.1
136700 28335.2
136800 28037.6
136900 27908.5
137000 27776.6
137100 27714.4
137200 27606.9
137300 27461.0
137400 27127.7
137500 26321.5
137600 25944.0
137700 25813.1
137800 25729.3
137900 25727.2
138000 25674.9
138100 25149.9
138200 24747.9
138300 24680.8
138400 24680.8
138500 24680.8
138600 24628.9
138700 24621.2
138800 24105.6
138900 23796.1
139000 23716.4
139100 23680.4
139200 23513.0
139300 23513.0
139400 23513.0
139500 23513.0
139600 23513.0
139700 23249.6
139800 23201.8
139900 23067.2
140000 22874.6
140100 22679.7
140200 22660.0
140300 22660.0
140400 22606.2
140500 22606.2
140600 22519.7
140700 22519.7
140800 22505.2
140900 22242.2
141000 22050.4
141100 21954.6
141200 21724.2
141300 21675.4
141400 21494.2
141500 21443.1
141600 21400.4
141700 21368.8
141800 21368.8
141900 21368.8
142000 21279.2
142100 21278.3
142200 21215.4
142300 21215.4
142400 21215.4
142500 21215.4
142600 21212.0
142700 21191.2
142800 21182.8
142900 20986.9
143000 20874.8
143100 20674.0
143200 20551.6
143300 20362.2
143400 20341.8
143500 20341.8
143600 20341.8
143700 20341.8
143800 20341.8
143900 20264.8
144000 20228.2
144100 19998.3
144200 19814.5
144300 19814.5
144400 19696.5
144500 19652.7
144600 19628.5
144700 19576.7
144800 19433.0
144900 19301.2
145000 19301.2
145100 19226.8
145200 19205.7
145300 52136.8
145400 46732.5
145500 44386.4
145600 42260.6
145700 42125.0
145800 41614.5
145900 41123.4
146000 39067.5
146100 38490.0
146200 38179.5
146300 37030.2
146400 36211.2
146500 34674.0
146600 33732.1
146700 33218.7
146800 32851.3
146900 32574.4
147000 32453.9
147100 32008.7
147200 30990.3
147300 30565.5
147400 30388.9
147500 30289.1
147600 29871.4
147700 29871.4
147800 29513.9
147900 29513.9
148000 29513.9
148100 29379.7
148200 29137.8
148300 28708.7
148400 28372.7
148500 28351.3
148600 27927.8
148700 27784.5
148800 27282.1
148900 26970.9
149000 26798.5
149100 26737.1
149200 25945.3
149300 25800.3
149400 25623.4
149500 25444.4
149600 25444.4
149700 25136.7
149800 24983.1
149900 24512.3
150000 24386.0
150100 24299.4
150200 24024.0
150300 23645.1
150400 23529.9
150500 23480.2
150600 23377.6
150700 23223.9
150800 23200.1
150900 23163.8
151000 23163.8
151100 23043.1
151200 22989.6
151300 22888.7
151400 22741.4
151500 22662.7
151600 22662.7
151700 22662.7
151800 22523.3
151900 22473.3
152000 22417.7
152100 22071.8
152200 21977.8
152300 21828.0
152400 21785.4
152500 21742.9
152600 21742.9
152700 21742.9
152800 21305.4
152900 21303.3
153000 21256.5
153100 21256.5
153200 21243.6
153300 21182.8
153400 21182.8
153500 21062.4
153600 21001.5
153700 20992.3
153800 20971.3
153900 20849.7
154000 20765.6
154100 20600.3
154200 20535.8
154300 20470.7
154400 20226.9
154500 20186.5
154600 20186.5
154700 20178.8
154800 20047.8
154900 19970.6
155000 19970.6
155100 19970.6
155200 19811.1
155300 19785.1
155400 19755.9
155500 19755.9
155600 19755.9
155700 19752.4
155800 19752.4
155900 19752.4
156000 19752.4
156100 19601.6
156200 19158.7
156300 19138.7
156400 19135.7
156500 50687.3
156600 43955.0
156700 40821.0
156800 39466.7
156900 39015.7
157000 38763.8
157100 38391.0
157200 37682.6
157300 36174.9
157400 34324.9
157500 33948.2
157600 32661.3
157700 32119.1
157800 32119.1
157900 32119.1
158000 31957.2
158100 31664.1
158200 31494.0
158300 31299.7
158400 30939.0
158500 30251.2
158600 29667.9
158700 29490.8
158800 29307.2
158900 29128.5
159000 28631.5
159100 28303.5
159200 28040.0
159300 27049.1
159400 26894.8
159500 26712.0
159600 26328.9
159700 26032.0
159800 25924.6
159900 25779.5
160000 25614.6
160100 25347.7
160200 24894.3
160300 24712.1
160400 24595.8
160500 24291.6
160600 23957.7
160700 23919.5
160800 23765.8
160900 23765.8
161000 23689.9
161100 23467.8
161200 23118.7
161300 23043.5
161400 23043.5
161500 22837.9
161600 22687.0
161700 22634.6
161800 22573.7
161900 22573.7
162000 22487.9
162100 22240.2
162200 22141.2
162300 22132.2
162400 22132.2
162500 22122.7
162600 21836.9
162700 21786.4
162800 21520.9
162900 21219.5
163000 21099.6
163100 21002.2
163200 21001.1
163300 21001.1
163400 20980.5
163500 20954.4
163600 20954.4
163700 20882.1
163800 20850.3
163900 20389.5
164000 20164.8
164100 19733.8
164200 19704.2
164300 19649.4
164400 19492.4
164500 19492.4
164600 19492.4
164700 19492.4
164800 19473.5
164900 19438.3
165000 19438.3
165100 19396.9
165200 19300.8
165300 19300.8
165400 19222.8
165500 19051.3
165600 18951.3
165700 18916.4
165800 18790.1
165900 18790.1
166000 18790.1
166100 18768.4
166200 18768.4
166300 18768.4
166400 18717.9
166500 18700.1
166600 18680.0
166700 18654.9
166800 18654.9
166900 18625.1
167000 18508.0
167100 18508.0
167200 18508.0
167300 18487.0
167400 18479.7
167500 18460.7
167600 18450.6
167700 48820.6
167800 43162.6
167900 40345.8
168000 39252.5
168100 38278.3
168200 36329.0
168300 35690.9
168400 34700.7
168500 34420.4
168600 33997.2
168700 33851.7
168800 33625.3
168900 33592.4
169000 33365.6
169100 33102.2
169200 33093.3
169300 32849.0
169400 32691.2
169500 32131.4
169600 31457.8
169700 30994.2
169800 29730.8
169900 28454.4
170000 28454.4
170100 28445.6
170200 28354.8
170300 27510.1
170400 27046.0
170500 26471.4
170600 26190.7
170700 26058.1
170800 26027.2
170900 25864.0
171000 25722.6
171100 25722.6
171200 25712.4
171300 25712.4
171400 25655.4
171500 25602.8
171600 25425.3
171700 25151.1
171800 24768.6
171900 24768.6
172000 24746.9
172100 24545.5
172200 23971.2
172300 23825.8
172400 23782.8
172500 23782.8
172600 23742.5
172700 23245.4
172800 23243.5
172900 22966.4
173000 22936.6
173100 22786.9
173200 22717.9
173300 22703.7
173400 22695.8
173500 22673.8
173600 22631.8
173700 22575.1
173800 22575.1
173900 22408.0
174000 22407.6
174100 22368.8
174200 22259.8
174300 22177.4
174400 21992.0
174500 21973.9
174600 21685.3
174700 21685.3
174800 21198.1
174900 21090.7
175000 21067.2
175100 21067.2
175200 21067.2
175300 21067.2
175400 21062.9
175500 21046.2
175600 21037.8
175700 21000.8
175800 20914.7
175900 20877.7
176000 20877.7
176100 20783.4
176200 20770.1
176300 20692.3
176400 20573.0
176500 20573.0
176600 20573.0
176700 20346.5
176800 20147.4
176900 20147.4
177000 20147.4
177100 20135.3
177200 20135.3
177300 20135.3
177400 20135.3
177500 20118.2
177600 20118.2
177700 20118.2
177800 20026.6
177900 20026.6
178000 20026.6
178100 19965.6
178200 19869.2
178300 19869.2
178400 19781.3
178500 19749.1
178600 19749.1
178700 19682.3
178800 19592.1
178900 49630.0
179000 44750.5
179100 41168.5
179200 37749.2
179300 36768.3
179400 34990.0
179500 33820.8
179600 33723.4
179700 33494.1
179800 33382.8
179900 33248.2
180000 32574.2
180100 32472.5
180200 32168.2
180300 31531.8
180400 30928.3
180500 30398.9
180600 29808.6
180700 28633.9
180800 27867.4
180900 27163.6
181000 27159.8
181100 26707.6
181200 25983.3
181300 25661.1
181400 25410.9
181500 25061.8
181600 25061.8
181700 25061.8
181800 24833.2
181900 24611.0
182000 24363.8
182100 23957.5
182200 23886.7
182300 23807.2
182400 23805.7
182500 23805.7
182600 23734.2
182700 23536.9
182800 23510.0
182900 23473.1
183000 23230.8
183100 23094.9
183200 23068.4
183300 23040.2
183400 22941.4
183500 22615.3
183600 22539.0
183700 22354.0
183800 22245.8
183900 22203.3
184000 22089.8
184100 22001.7
184200 21957.3
184300 21942.6
184400 21930.8
184500 21930.8
184600 21927.5
184700 21927.5
184800 21913.5
184900 21604.9
185000 21577.9
185100 21342.2
185200 21342.2
185300 21231.6
185400 21125.2
185500 21125.2
185600 21087.3
185700 20914.7
185800 20914.7
185900 20774.1
186000 20774.1
186100 20708.1
186200 20694.8
186300 20694.8
186400 20694.1
186500 20614.9
186600 20480.8
186700 20384.5
186800 20320.3
186900 20305.9
187000 20066.4
187100 20028.2
187200 20021.7
187300 19997.6
187400 19997.6
187500 19997.6
187600 19994.6
187700 19994.6
187800 19994.6
187900 19887.8
188000 19887.8
188100 19887.8
188200 19800.5
188300 19695.8
188400 19492.3
188500 19492.3
188600 19492.3
188700 19255.3
188800 18907.9
188900 18843.2
189000 18758.2
189100 18712.8
189200 18691.5
189300 18687.1
189400 18636.7
189500 18482.2
189600 18482.2
189700 18481.7
189800 18481.7
189900 18304.8
190000 53111.0
190100 52687.6
190200 50924.5
190300 48827.8
190400 45181.5
190500 43657.9
190600 43004.2
190700 38190.5
190800 35882.0
190900 34737.0
191000 33490.7
191100 33280.6
191200 32737.4
191300 32700.7
191400 32583.2
191500 32006.8
191600 31779.0
191700 31773.4
191800 30997.9
191900 30148.4
192000 30039.5
192100 29243.8
192200 29241.3
192300 29112.3
192400 28694.6
192500 28442.2
192600 27742.5
192700 27742.5
192800 27742.5
192900 27536.3
193000 27536.3
193100 27473.8
193200 27473.8
193300 27430.9
193400 27348.1
193500 27296.5
193600 27095.9
193700 26737.3
193800 26592.5
193900 26426.3
194000 26352.4
194100 26352.4
194200 25917.5
194300 25809.0
194400 25809.0
194500 25544.8
194600 25057.3
194700 24966.5
194800 24892.8
194900 24738.5
195000 24613.4
195100 24050.6
195200 23758.0
195300 23655.5
195400 23519.7
195500 23422.8
195600 23387.2
195700 23387.2
195800 23139.6
195900 23103.7
196000 23073.7
196100 22981.9
196200 22981.9
196300 22981.9
196400 22955.0
196500 22559.4
196600 22517.0
196700 22492.4
196800 22126.9
196900 22054.1
197000 21845.3
197100 21664.7
197200 21664.7
197300 21576.6
197400 21576.6
197500 21576.6
197600 21575.1
197700 21558.5
197800 21548.2
197900 21514.6
198000 21505.6
198100 21434.3
198200 21434.3
198300 21406.3
198400 21406.3
198500 21380.5
198600 21380.5
198700 21380.5
198800 21351.7
198900 21203.4
199000 21015.1
199100 20977.8
199200 20977.8
199300 20974.1
199400 20963.2
199500 20963.2
199600 20914.8
199700 20814.7
199800 20744.0
199900 20720.6
200000 20720.6
200100 20610.3
200200 20088.1
200300 20088.1
200400 20088.1
200500 20065.6
200600 20037.3
200700 19968.3
200800 19968.3
200900 19929.5
201000 19913.2
201100 19909.4
201200 49941.3
201300 44039.0
201400 42340.5
201500 41135.8
201600 40654.8
201700 39936.6
201800 39044.2
201900 37523.4
202000 37350.9
202100 37332.7
202200 36814.4
202300 35782.0
202400 34304.5
202500 32459.0
202600 32011.4
202700 31454.3
202800 30958.2
202900 30382.1
203000 30236.3
203100 29613.4
203200 29182.6
203300 29071.5
203400 28236.7
203500 27973.7
203600 27920.2
203700 27892.6
203800 27560.0
203900 27273.9
204000 27033.2
204100 27033.2
204200 27033.2
204300 26884.7
204400 26541.7
204500 26275.8
204600 26017.3
204700 25860.5
204800 25672.7
204900 25583.4
205000 25409.5
205100 24877.4
205200 24490.6
205300 24481.7
205400 24336.8
205500 24107.6
205600 23798.0
205700 23511.1
205800 23410.1
205900 23410.1
206000 23410.1
206100 23410.1
206200 23410.1
206300 23410.1
206400 23353.8
206500 23249.2
206600 22994.6
206700 22994.6
206800 22892.2
206900 22704.6
207000 22501.2
207100 22045.8
207200 21635.4
207300 21573.2
207400 21397.9
207500 21218.4
207600 21096.0
207700 20963.9
207800 20963.9
207900 20562.8
208000 20381.1
208100 20305.0
208200 20144.0
208300 20032.9
208400 19937.9
208500 19773.5
208600 19773.5
208700 19750.0
208800 19750.0
208900 19734.8
209000 19734.8
209100 19676.1
209200 19676.1
209300 19595.4
209400 19595.4
209500 19590.0
209600 19468.5
209700 19356.7
209800 19330.1
209900 19277.3
210000 19232.3
210100 19219.4
210200 19219.4
210300 19219.4
210400 19031.6
210500 18912.1
210600 18912.1
210700 18898.0
210800 18744.6
210900 18717.0
211000 18685.3
211100 18632.2
211200 18566.5
211300 18486.5
211400 18486.5
211500 18388.8
211600 18388.8
211700 18388.8
211800 18373.1
211900 18373.1
212000 18372.2
212100 18335.0
212200 18291.3
212300 18287.6
212400 53157.1
212500 50477.3
212600 50451.8
212700 49151.8
212800 47993.6
212900 43247.1
213000 40831.9
213100 40104.8
213200 39455.2
213300 38237.7
213400 36751.8
213500 34780.7
213600 34344.8
213700 33546.6
213800 32856.8
213900 32730.4
214000 32730.4
214100 32720.8
214200 32463.0
214300 32175.1
214400 31787.4
214500 31509.6
214600 31509.6
214700 31469.1
214800 30512.0
214900 29404.8
215000 28900.2
215100 28720.3
215200 28573.3
215300 28546.2
215400 28146.3
215500 28113.5
215600 28041.4
215700 27961.8
215800 27928.7
215900 27845.9
216000 27716.4
216100 27427.7
216200 27062.9
216300 26888.4
216400 26864.4
216500 26587.5
216600 26565.9
216700 26455.1
216800 26274.1
216900 26274.1
217000 26227.8
217100 26092.2
217200 26007.0
217300 25879.3
217400 25846.5
217500 25672.7
217600 25377.3
217700 25377.3
217800 25345.8
217900 25230.6
218000 24873.0
218100 24868.1
218200 24774.7
218300 24597.4
218400 24576.1
218500 24569.5
218600 24567.6
218700 24539.9
218800 24490.2
218900 24458.8
219000 24458.8
219100 24425.4
219200 24410.4
219300 24352.7
219400 24299.8
219500 24171.0
219600 23908.3
219700 23854.0
219800 23841.5
219900 23841.5
220000 23729.8
220100 23533.5
220200 23371.0
220300 23371.0
220400 23299.4
220500 23204.1
220600 23204.1
220700 23144.1
220800 23106.2
220900 23106.2
221000 22904.3
221100 22773.0
221200 22711.6
221300 22711.6
221400 22711.6
221500 22711.6
221600 22686.4
221700 22561.4
221800 22528.6
221900 22528.6
222000 22470.9
222100 22412.6
222200 22312.7
222300 22302.1
222400 22302.1
222500 22302.1
222600 22288.4
222700 22288.4
222800 22285.6
222900 22244.3
223000 21653.3
223100 21505.4
223200 21505.4
223300 21484.5
223400 21433.4
223500 21403.6
223600 50345.0
223700 49007.1
223800 48231.7
223900 46248.4
224000 44066.6
224100 43525.7
224200 41233.2
224300 39065.5
224400 38386.2
224500 37811.0
224600 37130.9
224700 36253.6
224800 34843.2
224900 34147.7
225000 33762.8
225100 31417.4
225200 31195.3
225300 30917.4
225400 30440.5
225500 29978.3
225600 29841.9
225700 29702.0
225800 29476.5
225900 28884.7
226000 28733.1
226100 28686.7
226200 28025.6
226300 27597.6
226400 27423.8
226500 27334.1
226600 27179.7
226700 27179.7
226800 27179.7
226900 26666.2
227000 26515.7
227100 26270.8
227200 26048.3
227300 26030.2
227400 25999.0
227500 25999.0
227600 25999.0
227700 25982.9
227800 25665.2
227900 25627.5
228000 25489.6
228100 25277.6
228200 25062.7
228300 25031.9
228400 25031.9
228500 25031.9
228600 25010.1
228700 25010.1
228800 25001.0
228900 24892.0
229000 24868.8
229100 24861.1
229200 24861.1
229300 24480.7
229400 24268.7
229500 24249.4
229600 24173.7
229700 24072.6
229800 23921.1
229900 23829.0
230000 23721.1
230100 23721.1
230200 23467.4
230300 23094.7
230400 22492.5
230500 22475.0
230600 22363.4
230700 22363.4
230800 22363.4
230900 22287.7
231000 22287.7
231100 22282.6
231200 22158.7
231300 22158.7
231400 22140.4
231500 22140.4
231600 22108.0
231700 22089.8
231800 21891.8
231900 21864.9
232000 21864.9
232100 21864.9
232200 21864.9
232300 21864.9
232400 21853.5
232500 21657.6
232600 21657.6
232700 21657.6
232800 21657.6
232900 21657.6
233000 21621.6
233100 21614.0
233200 21614.0
233300 21614.0
233400 21614.0
233500 21609.6
233600 21609.6
233700 21609.6
233800 21555.4
233900 21538.3
234000 21392.5
234100 21346.4
234200 21345.8
234300 21330.6
234400 21307.5
234500 21292.5
234600 21279.3
234700 53905.0
234800 44725.8
234900 41283.7
235000 40318.6
235100 39578.9
235200 39063.8
235300 38145.8
235400 35343.0
235500 33899.2
235600 32299.0
235700 31639.8
235800 30766.8
235900 30173.3
236000 29255.6
236100 28322.9
236200 27473.7
236300 27371.2
236400 27371.2
236500 27345.0
236600 27044.3
236700 26987.4
236800 26611.6
236900 26326.0
237000 26232.9
237100 25923.6
237200 25748.8
237300 25481.2
237400 25236.1
237500 25193.3
237600 24971.2
237700 24887.0
237800 24565.4
237900 24419.5
238000 24419.5
238100 24336.9
238200 24241.9
238300 24241.1
238400 24196.7
238500 24065.0
238600 23990.7
238700 23974.6
238800 23679.7
238900 23481.3
239000 23115.8
239100 23010.7
239200 23010.7
239300 23010.7
239400 23010.7
239500 23010.7
239600 22986.3
239700 22854.3
239800 22758.5
239900 22684.2
240000 22388.1
240100 22211.1
240200 22051.9
240300 21965.1
240400 21859.2
240500 21615.7
240600 21615.7
240700 21602.3
240800 21269.3
240900 21266.6
241000 21266.6
241100 21266.6
241200 21266.6
241300 21173.6
241400 21032.4
241500 21032.4
241600 21004.9
241700 20998.5
241800 20974.7
241900 20904.8
242000 20904.8
242100 20902.6
242200 20885.4
242300 20738.8
242400 20707.9
242500 20707.9
242600 20519.1
242700 20519.1
242800 20502.6
242900 20408.3
243000 20388.9
243100 20359.9
243200 20359.9
243300 20252.6
243400 20174.6
243500 20174.6
243600 20174.6
243700 20007.4
243800 19939.4
243900 19939.4
244000 19939.4
244100 19910.5
244200 19866.5
244300 19792.3
244400 19792.3
244500 19792.3
244600 19792.3
244700 19792.3
244800 19782.6
244900 19722.4
245000 19680.6
245100 19640.0
245200 19468.3
245300 19468.3
245400 19455.0
245500 19407.6
245600 19370.6
245700 19370.6
245800 19350.8
245900 54278.1
246000 51954.5
246100 43772.1
246200 39320.5
246300 37395.0
246400 36199.1
246500 36199.1
246600 36199.1
246700 35627.0
246800 34650.7
246900 34085.9
247000 33960.1
247100 33574.4
247200 33080.0
247300 32713.3
247400 31712.1
247500 30608.9
247600 30343.7
247700 30196.0
247800 30073.2
247900 29712.0
248000 29699.4
248100 29600.1
248200 29514.8
248300 29472.6
248400 29079.6
248500 28876.7
248600 28834.2
248700 28789.2
248800 28617.9
248900 28554.2
249000 28063.7
249100 27799.7
249200 27682.4
249300 27424.1
249400 26691.2
249500 26655.9
249600 26602.4
249700 26594.3
249800 26551.7
249900 26367.7
250000 26241.0
250100 26114.3
250200 26069.4
250300 25957.4
250400 25945.2
250500 25914.4
250600 25882.4
250700 25811.1
250800 25729.9
250900 25636.2
251000 25636.2
251100 25553.5
251200 25398.8
251300 25267.8
251400 25084.2
251500 25084.2
251600 25084.2
251700 25084.2
251800 25011.4
251900 24949.4
252000 24949.4
252100 24690.8
252200 24416.5
252300 24349.7
252400 24130.1
252500 23864.0
252600 23803.5
252700 23658.0
252800 23634.1
252900 23634.1
253000 23494.1
253100 23494.1
253200 23406.7
253300 23406.7
253400 23384.5
253500 23274.9
253600 23262.1
253700 23171.9
253800 23147.2
253900 23145.3
254000 23145.3
254100 23145.3
254200 23129.2
254300 23121.4
254400 23121.4
254500 23121.4
254600 23049.8
254700 22866.3
254800 22844.8
254900 22844.8
255000 22834.5
255100 22834.5
255200 22764.5
255300 22698.0
255400 22615.7
255500 22565.4
255600 22354.9
255700 22354.9
255800 22354.9
255900 22348.9
256000 22348.9
256100 22348.9
256200 22347.1
256300 22336.8
256400 22227.1
256500 22173.1
256600 22115.6
256700 22065.3
256800 22057.0
256900 21977.8
257000 21945.2
257100 50365.4
257200 47471.5
257300 46329.6
257400 43451.8
257500 39077.2
257600 37731.8
257700 36544.1
257800 35361.6
257900 34752.1
258000 33344.5
258100 32512.4
258200 32208.2
258300 31294.8
258400 30917.4
258500 30805.7
258600 29027.3
258700 28281.6
258800 28094.9
258900 27709.7
259000 27325.9
259100 27179.9
259200 26453.4
259300 26382.6
259400 26382.6
259500 26307.5
259600 26291.8
259700 26222.7
259800 26088.5
259900 25950.1
260000 25479.5
260100 25226.6
260200 24427.9
260300 24357.6
260400 24355.9
260500 24231.9
260600 23694.6
260700 23530.0
260800 23284.0
260900 23123.5
261000 22865.3
261100 22747.8
261200 22683.3
261300 22551.8
261400 22551.8
261500 22500.5
261600 22372.9
261700 22362.4
261800 22226.4
261900 22060.7
262000 22060.7
262100 21982.1
262200 21906.3
262300 21885.1
262400 21885.1
262500 21780.6
262600 21780.6
262700 21728.0
262800 21675.3
262900 21489.6
263000 21286.4
263100 21273.1
263200 21103.6
263300 20987.3
263400 20877.0
263500 20729.8
263600 20703.0
263700 20526.7
263800 20390.7
263900 20390.7
264000 20373.9
264100 20367.2
264200 20367.2
264300 20367.2
264400 20367.2
264500 20351.1
264600 20295.9
264700 20274.2
264800 20274.2
264900 20048.2
265000 20013.4
265100 20013.4
265200 20013.4
265300 20013.4
265400 19909.2
265500 19766.1
265600 19572.4
265700 19554.0
265800 19478.7
265900 19375.8
266000 19334.2
266100 19334.2
266200 19334.2
266300 19334.2
266400 19314.4
266500 19313.5
266600 19313.5
266700 19257.5
266800 19200.5
266900 19186.4
267000 19065.7
267100 19057.6
267200 19057.6
267300 18913.6
267400 18709.4
267500 18665.8
267600 18665.8
267700 18548.4
267800 18527.6
267900 18497.0
268000 18446.8
268100 18413.2
268200 18406.5
268300 46626.3
268400 43637.9
268500 39717.9
268600 38311.1
268700 35254.2
268800 34418.9
268900 34305.1
269000 33354.4
269100 32620.7
269200 32497.4
269300 32434.2
269400 32391.6
269500 32315.9
269600 32315.9
269700 32277.0
269800 32172.0
269900 30664.9
270000 30530.4
270100 30059.1
270200 29965.8
270300 29284.0
270400 28662.4
270500 28201.1
270600 27569.0
270700 27417.9
270800 27318.5
270900 27285.2
271000 27174.5
271100 27171.8
271200 27107.0
271300 27107.0
271400 27002.4
271500 27002.4
271600 26946.7
271700 26854.9
271800 26535.9
271900 26535.9
272000 26535.9
272100 26340.1
272200 25927.7
272300 25308.6
272400 25171.6
272500 25028.2
272600 25028.2
272700 24977.3
272800 24752.4
272900 24560.7
273000 24437.2
273100 24110.5
273200 23632.4
273300 23607.4
273400 23607.4
273500 23525.2
273600 23519.9
273700 23519.9
273800 23488.1
273900 23457.9
274000 23021.8
274100 22772.6
274200 22548.1
274300 22538.8
274400 22538.8
274500 22538.8
274600 22485.2
274700 22485.2
274800 22458.7
274900 22272.9
275000 22070.2
275100 21938.0
275200 21488.9
275300 21350.1
275400 21350.1
275500 21297.9
275600 21124.7
275700 20897.8
275800 20850.6
275900 20841.0
276000 20776.3
276100 20735.5
276200 20494.4
276300 20453.3
276400 20453.3
276500 20453.3
276600 20286.0
276700 20221.2
276800 20183.4
276900 20145.1
277000 20145.1
277100 20081.0
277200 20081.0
277300 19949.9
277400 19949.9
277500 19885.0
277600 19885.0
277700 19885.0
277800 19684.8
277900 19622.3
278000 19586.3
278100 19586.3
278200 19586.3
278300 19586.3
278400 19585.3
278500 19585.3
278600 19582.0
278700 19582.0
278800 19582.0
278900 19561.2
279000 19484.0
279100 19372.1
279200 19304.9
279300 19274.7
279400 49937.4
279500 46051.2
279600 42593.3
279700 39975.2
279800 37916.5
279900 37783.2
280000 37266.2
280100 36190.9
280200 35715.4
280300 34771.4
280400 33957.7
280500 33957.7
280600 33957.7
280700 33635.9
280800 32325.0
280900 31986.5
281000 31789.2
281100 31738.4
281200 31738.4
281300 31601.7
281400 31372.8
281500 31119.4
281600 30070.7
281700 29246.4
281800 28251.6
281900 27918.3
282000 27647.1
282100 27131.5
282200 26403.7
282300 26352.2
282400 26059.6
282500 25966.3
282600 25739.4
282700 25529.7
282800 25502.6
282900 25502.6
283000 25421.1
283100 25027.0
283200 25013.6
283300 24993.1
283400 24838.2
283500 24625.0
283600 24573.9
283700 24310.8
283800 24095.9
283900 24034.4
284000 23904.2
284100 23553.8
284200 23310.5
284300 23243.4
284400 23119.8
284500 23104.8
284600 22935.3
284700 22890.1
284800 22890.1
284900 22871.6
285000 22786.4
285100 22786.4
285200 22786.4
285300 22771.6
285400 22714.4
285500 22590.3
285600 22590.3
285700 22515.0
285800 22515.0
285900 22469.2
286000 22469.2
286100 22359.1
286200 22280.2
286300 22120.0
286400 21761.6
286500 21707.3
286600 21705.7
286700 21654.0
286800 21485.1
286900 21347.8
287000 21347.8
287100 21165.2
287200 20998.5
287300 20998.5
287400 20889.4
287500 20813.9
287600 20792.2
287700 20735.3
287800 20735.3
287900 20715.4
288000 20592.7
288100 20575.9
288200 20575.9
288300 20538.3
288400 20501.2
288500 20454.3
288600 20386.4
288700 20386.4
288800 20355.0
288900 20355.0
289000 20355.0
289100 20137.6
289200 19971.8
289300 19820.7
289400 19784.0
289500 19699.8
289600 19699.8
289700 19699.8
289800 19670.6
289900 19638.9
290000 19638.9
290100 19638.9
290200 19635.1
290300 19570.4
290400 19519.2
290500 19431.2
290600 53172.1
290700 53172.1
290800 48951.2
290900 43396.7
291000 40617.2
291100 38519.7
291200 36273.7
291300 34709.4
291400 33491.4
291500 32616.1
291600 32344.0
291700 32102.5
291800 31996.6
291900 31953.5
292000 31723.8
292100 30353.3
292200 29247.4
292300 28867.8
292400 28779.3
292500 28779.3
292600 28610.1
292700 28475.5
292800 28076.2
292900 27957.6
293000 27915.9
293100 27827.2
293200 27827.0
293300 27827.0
293400 27743.0
293500 27368.0
293600 27263.4
293700 27244.5
293800 26941.2
293900 26654.5
294000 26566.9
294100 26455.8
294200 26341.6
294300 26102.6
294400 26043.4
294500 25846.6
294600 25636.3
294700 25362.7
294800 24807.8
294900 24569.0
295000 23983.4
295100 23794.3
295200 23604.2
295300 23179.0
295400 23063.6
295500 23063.6
295600 23002.3
295700 22761.2
295800 22693.2
295900 22270.4
296000 22084.2
296100 21944.1
296200 21896.4
296300 21827.6
296400 21748.5
296500 21658.6
296600 21494.1
296700 21494.1
296800 21438.9
296900 21062.8
297000 20997.8
297100 20818.8
297200 20630.9
297300 20430.8
297400 20409.1
297500 20355.0
297600 20303.6
297700 20217.7
297800 20186.9
297900 20024.2
298000 20024.2
298100 20024.2
298200 19836.6
298300 19757.8
298400 19757.8
298500 19738.1
298600 19730.1
298700 19730.1
298800 19709.6
298900 19625.3
299000 19625.3
299100 19625.3
299200 19611.5
299300 19611.5
299400 19611.5
299500 19367.7
299600 19308.9
299700 19288.4
299800 19159.8
299900 19147.4
300000 19074.3
300100 19074.3
300200 18985.7
300300 18985.7
300400 18977.1
300500 18964.1
300600 18837.9
300700 18820.0
300800 18820.0
300900 18794.7
301000 18789.1
301100 18781.2
301200 18781.2
301300 18779.0
301400 18779.0
301500 18779.0
301600 18737.6
301700 18687.9
301800 51470.9
301900 47955.2
302000 46588.4
302100 42766.6
302200 40271.8
302300 39049.7
302400 38542.1
302500 38139.7
302600 38139.7
302700 37872.2
302800 37360.8
302900 36336.3
303000 35286.5
303100 34750.4
303200 33860.6
303300 33258.7
303400 32682.6
303500 32390.5
303600 32136.3
303700 31672.1
303800 31212.8
303900 31204.3
304000 31176.1
304100 30914.8
304200 30704.5
304300 29870.3
304400 29833.0
304500 29806.1
304600 29693.4
304700 29167.3
304800 29038.9
304900 28774.1
305000 28644.6
305100 28025.4
305200 27589.4
305300 26647.5
305400 26200.3
305500 25782.7
305600 25689.4
305700 25424.3
305800 25260.8
305900 25186.7
306000 25186.6
306100 25186.6
306200 25148.1
306300 25123.3
306400 25123.3
306500 25042.9
306600 25042.9
306700 25042.9
306800 25042.9
306900 25042.9
307000 24946.6
307100 24490.7
307200 24331.1
307300 24167.2
307400 24152.4
307500 24006.6
307600 23976.2
307700 23859.6
307800 23781.8
307900 23089.7
308000 23040.0
308100 23027.7
308200 22932.1
308300 22906.3
308400 22906.3
308500 22728.2
308600 22426.1
308700 22324.8
308800 22324.8
308900 22303.6
309000 22303.6
309100 22303.6
309200 22303.6
309300 22180.4
309400 22104.1
309500 22031.0
309600 22031.0
309700 22007.8
309800 21963.6
309900 21963.5
310000 21832.3
310100 21715.7
310200 21437.6
310300 21286.2
310400 21104.0
310500 20942.6
310600 20926.7
310700 20829.1
310800 20741.1
310900 20595.5
311000 20210.0
311100 20050.4
311200 20050.4
311300 20009.9
311400 19904.4
311500 19860.0
311600 19836.7
311700 19714.4
311800 19714.4
311900 19714.4
312000 19714.4
312100 19700.6
312200 19700.6
312300 19697.9
312400 19498.4
312500 19463.1
312600 19439.2
312700 19347.8
312800 19345.2
312900 19265.7
313000 46727.1
313100 42705.2
313200 40241.6
313300 39788.5
313400 39692.6
313500 39686.1
313600 36895.8
313700 35689.8
313800 34209.7
313900 33657.0
314000 32236.1
314100 31618.5
314200 31418.1
314300 31352.8
314400 31093.7
314500 30872.3
314600 30355.5
314700 30289.5
314800 29850.5
314900 29812.8
315000 29120.2
315100 28812.0
315200 28522.9
315300 28404.7
315400 28273.1
315500 28249.8
315600 28047.0
315700 27927.8
315800 27794.4
315900 26955.9
316000 26858.7
316100 26320.3
316200 26013.5
316300 25814.1
316400 25636.4
316500 25636.4
316600 25599.6
316700 25384.0
316800 25151.4
316900 24687.3
317000 24591.8
317100 24548.5
317200 24519.5
317300 24204.6
317400 23917.6
317500 23381.5
317600 23353.5
317700 23342.9
317800 23342.9
317900 23296.2
318000 23005.7
318100 22538.5
318200 22493.9
318300 22349.6
318400 22242.9
318500 21971.7
318600 21901.3
318700 21699.9
318800 21676.0
318900 21651.0
319000 21536.8
319100 21449.3
319200 21443.5
319300 21443.5
319400 21281.8
319500 21249.5
319600 21029.1
319700 20722.8
319800 20692.1
319900 20692.1
320000 20499.1
320100 20418.1
320200 20411.1
320300 20396.8
320400 20347.5
320500 20347.5
320600 20281.7
320700 20281.7
320800 20281.7
320900 20281.7
321000 20281.7
321100 20281.7
321200 20256.9
321300 20239.5
321400 20174.2
321500 20174.2
321600 20174.2
321700 20076.3
321800 20064.7
321900 20003.1
322000 19819.1
322100 19799.0
322200 19405.3
322300 19405.3
322400 19405.3
322500 19405.3
322600 19393.7
322700 19345.2
322800 19336.1
322900 19320.4
323000 19320.4
323100 19295.1
323200 19276.1
323300 19151.8
323400 19089.9
323500 19086.0
323600 19086.0
323700 19086.0
323800 19078.0
323900 19078.0
324000 19078.0
324100 49783.8
324200 44802.3
324300 41588.0
324400 38839.4
324500 38031.4
324600 37341.1
324700 37274.5
324800 37222.9
324900 35562.4
325000 35024.8
325100 34860.7
325200 34556.8
325300 34216.1
325400 33834.6
325500 33394.4
325600 31712.6
325700 31405.3
325800 30860.3
325900 29906.3
326000 29471.8
326100 29290.5
326200 29290.5
326300 29290.5
326400 29162.7
326500 29081.1
326600 29073.5
326700 29046.0
326800 28967.9
326900 28822.5
327000 28761.5
327100 28626.2
327200 28078.6
327300 27802.1
327400 27684.3
327500 27505.9
327600 27070.1
327700 26834.0
327800 26831.5
327900 26831.5
328000 26322.7
328100 26237.1
328200 26229.2
328300 26174.0
328400 26172.1
328500 25896.8
328600 25552.0
328700 25363.5
328800 25363.5
328900 25363.5
329000 25233.4
329100 25127.3
329200 24783.5
329300 24479.1
329400 24197.1
329500 24191.3
329600 24191.3
329700 24034.7
329800 24004.9
329900 24004.9
330000 23852.3
330100 23820.3
330200 23119.5
330300 23066.8
330400 22929.4
330500 22836.2
330600 22808.7
330700 22785.2
330800 22718.3
330900 22656.8
331000 22520.8
331100 22436.7
331200 22330.0
331300 22080.1
331400 21949.3
331500 21789.6
331600 21789.6
331700 21782.5
331800 21782.5
331900 21762.3
332000 21745.8
332100 21712.8
332200 21604.8
332300 21602.5
332400 21602.5
332500 21602.5
332600 21598.6
332700 21593.6
332800 21508.2
332900 21418.0
333000 21370.2
333100 21286.9
333200 21178.7
333300 20962.9
333400 20962.9
333500 20828.2
333600 20744.9
333700 20744.9
333800 20609.7
333900 20509.3
334000 20496.8
334100 20448.0
334200 20419.7
334300 20132.7
334400 20103.4
334500 20057.5
334600 19861.8
334700 19861.8
334800 19824.1
334900 19789.7
335000 19683.2
335100 19683.2
335200 19683.2
335300 52634.1
335400 44306.4
335500 43832.3
335600 43753.1
335700 41977.3
335800 39390.4
335900 38386.5
336000 38196.9
336100 38196.9
336200 36821.6
336300 34169.8
336400 33904.0
336500 33055.9
336600 32568.7
336700 32469.2
336800 32054.4
336900 32043.7
337000 31439.7
337100 30917.6
337200 30010.6
337300 29898.5
337400 29780.7
337500 29426.1
337600 28779.0
337700 28596.7
337800 28478.8
337900 28334.4
338000 28237.2
338100 28001.7
338200 27947.2
338300 27946.0
338400 27835.3
338500 27378.9
338600 26730.6
338700 26590.6
338800 26590.2
338900 26574.6
339000 26516.7
339100 26355.7
339200 25906.9
339300 25892.1
339400 25702.3
339500 25634.4
339600 25559.5
339700 25507.9
339800 25445.2
339900 25434.5
340000 25434.5
340100 25241.6
340200 25241.6
340300 25241.6
340400 25192.4
340500 25010.0
340600 25010.0
340700 24629.3
340800 24294.1
340900 24237.2
341000 24237.2
341100 24237.2
341200 24231.9
341300 24133.2
341400 24032.3
341500 23993.4
341600 23970.3
341700 23871.4
341800 23778.1
341900 23744.2
342000 23734.4
342100 23202.8
342200 22882.4
342300 22729.3
342400 22704.4
342500 22644.8
342600 22629.5
342700 22200.8
342800 22173.1
342900 22173.1
343000 22117.4
343100 22117.4
343200 22117.4
343300 21909.3
343400 21909.3
343500 21835.0
343600 21817.9
343700 21763.1
343800 21763.1
343900 21763.1
344000 21763.1
344100 21763.1
344200 21723.0
344300 21583.9
344400 21467.3
344500 21441.3
344600 21074.0
344700 20990.2
344800 20779.2
344900 20727.4
345000 20682.5
345100 20621.0
345200 20607.9
345300 20601.5
345400 20601.5
345500 20599.5
345600 20572.6
345700 20571.4
345800 20566.0
345900 20501.2
346000 20408.9
346100 20276.0
346200 20272.0
346300 20264.6
346400 20251.1
346500 52670.4
346600 51446.7
346700 51017.4
346800 50856.0
346900 47453.4
347000 45286.1
347100 43583.3
347200 40826.1
347300 38483.9
347400 38255.3
347500 37647.4
347600 36570.3
347700 34801.8
347800 34237.1
347900 33794.0
348000 33624.2
348100 33276.6
348200 31864.3
348300 30603.3
348400 29654.4
348500 29461.5
348600 29233.9
348700 28708.7
348800 28038.7
348900 27719.0
349000 27517.2
349100 27516.7
349200 26979.0
349300 26875.7
349400 26824.4
349500 26789.3
349600 26742.6
349700 25758.0
349800 25513.4
349900 25065.5
350000 24790.1
350100 24726.2
350200 24726.2
350300 24726.2
350400 24726.2
350500 24726.2
350600 24683.4
350700 24678.9
350800 24489.5
350900 24389.7
351000 24333.2
351100 24061.8
351200 23994.7
351300 23984.7
351400 23953.4
351500 23597.1
351600 23587.9
351700 23378.2
351800 23134.5
351900 23008.9
352000 22856.8
352100 22658.4
352200 22658.4
352300 22658.4
352400 22647.2
352500 22554.1
352600 22438.2
352700 22212.3
352800 22173.3
352900 22168.4
353000 22080.7
353100 22080.7
353200 22080.7
353300 22080.7
353400 21964.0
353500 21884.6
353600 21841.5
353700 21783.3
353800 21738.6
353900 21738.6
354000 21732.6
354100 21699.8
354200 21582.2
354300 21546.7
354400 21497.5
354500 21467.2
354600 21461.4
354700 21412.8
354800 21309.2
354900 21309.2
355000 21212.9
355100 21036.5
355200 21031.0
355300 20930.1
355400 20862.2
355500 20862.2
355600 20818.8
355700 20744.4
355800 20593.8
355900 20491.4
356000 20259.6
356100 20205.0
356200 20198.6
356300 20106.0
356400 20106.0
356500 20103.2
356600 20080.6
356700 20079.2
356800 19940.1
356900 19940.1
357000 19937.1
357100 19937.1
357200 19875.0
357300 19875.0
357400 19867.5
357500 19724.1
357600 19724.1
357700 44994.9
357800 43721.3
357900 40810.4
358000 39813.7
358100 39490.6
358200 38777.6
358300 38498.3
358400 37683.4
358500 36306.3
358600 34200.2
358700 33381.0
358800 33235.4
358900 32690.8
359000 32659.8
359100 32519.4
359200 32253.4
359300 32253.4
359400 31721.9
359500 31394.8
359600 31122.5
359700 30987.8
359800 30987.8
359900 30737.9
360000 30737.9
360100 30542.2
360200 29761.0
360300 28755.1
360400 28198.4
360500 28130.6
360600 27952.6
360700 27698.6
360800 27651.5
360900 27651.5
361000 27405.4
361100 27404.2
361200 26800.7
361300 26575.6
361400 26389.3
361500 26142.5
361600 25957.2
361700 25625.8
361800 25311.1
361900 25285.8
362000 25192.5
362100 25174.8
362200 25174.8
362300 25125.6
362400 24104.6
362500 23964.3
362600 23961.2
362700 23825.6
362800 23529.5
362900 23456.1
363000 23456.1
363100 23456.1
363200 23456.1
363300 23456.1
363400 23028.8
363500 22815.3
363600 22703.5
363700 22703.5
363800 22608.0
363900 22599.4
364000 22590.7
364100 22390.6
364200 22252.7
364300 22207.8
364400 22145.6
364500 22037.9
364600 22037.9
364700 22037.9
364800 21925.9
364900 21870.6
365000 21870.6
365100 21859.2
365200 21789.9
365300 21767.9
365400 21743.0
365500 21498.1
365600 21464.1
365700 21393.9
365800 21342.6
365900 21311.3
366000 21290.8
366100 21280.6
366200 21224.4
366300 20789.9
366400 20761.9
366500 20761.9
366600 20727.7
366700 20655.7
366800 20639.2
366900 20480.4
367000 20445.1
367100 20445.1
367200 20397.6
367300 20278.0
367400 20162.7
367500 20153.6
367600 20116.0
367700 20033.7
367800 20011.6
367900 19854.3
368000 19822.8
368100 19721.2
368200 19668.0
368300 19668.0
368400 19668.0
368500 19629.3
368600 19277.1
368700 19255.6
368800 54567.2
368900 49769.5
369000 49561.7
369100 47796.6
369200 47467.5
369300 47111.8
369400 46225.6
369500 46225.6
369600 40867.2
369700 37816.7
369800 37574.4
369900 36663.9
370000 35283.8
370100 34337.3
370200 33007.8
370300 32426.4
370400 31714.4
370500 31306.4
370600 31269.6
370700 31043.3
370800 30722.0
370900 30569.7
371000 30569.7
371100 29943.9
371200 29778.2
371300 29539.1
371400 29425.4
371500 29411.5
371600 29255.0
371700 29203.9
371800 29108.7
371900 28637.5
372000 27642.9
372100 27175.4
372200 26909.2
372300 26552.9
372400 26491.9
372500 26425.7
372600 26263.9
372700 26176.0
372800 26105.4
372900 26091.2
373000 26086.8
373100 26049.2
373200 26045.0
373300 25995.8
373400 25653.9
373500 25376.8
373600 25376.8
373700 25335.1
373800 25099.0
373900 25065.9
374000 24981.3
374100 24912.9
374200 24889.7
374300 24748.0
374400 24715.8
374500 24563.9
374600 24563.9
374700 24319.8
374800 24098.4
374900 23703.4
375000 23703.4
375100 23423.1
375200 23319.1
375300 23250.3
375400 23243.4
375500 23172.4
375600 23166.1
375700 23158.3
375800 23069.1
375900 22987.0
376000 22851.6
376100 22718.8
376200 22626.7
376300 22626.7
376400 22272.5
376500 22228.2
376600 22228.2
376700 22209.2
376800 22198.1
376900 22198.1
377000 22173.5
377100 22173.5
377200 22128.4
377300 22008.2
377400 22008.2
377500 21976.6
377600 21920.6
377700 21871.4
377800 21871.4
377900 21871.4
378000 21859.8
378100 21832.7
378200 21811.0
378300 21790.8
378400 21790.8
378500 21706.6
378600 21565.4
378700 21469.1
378800 21466.8
378900 21466.8
379000 21362.0
379100 21362.0
379200 21358.5
379300 21358.5
379400 21181.2
379500 21098.3
379600 20592.6
379700 20584.4
379800 20572.4
379900 20572.4
380000 51268.2
380100 47149.9
380200 43824.0
380300 40887.0
380400 39173.5
380500 37633.7
380600 36192.7
380700 35794.6
380800 35704.6
380900 35108.1
381000 34430.9
381100 33972.7
381200 33522.5
381300 32831.8
381400 31916.6
381500 31388.5
381600 30818.3
381700 30456.9
381800 30422.1
381900 30381.5
382000 29511.3
382100 29511.3
382200 28808.3
382300 28129.8
382400 27889.1
382500 27030.0
382600 26820.6
382700 26468.0
382800 26130.7
382900 25747.6
383000 25643.3
383100 25643.3
383200 25643.3
383300 25576.3
383400 25505.5
383500 25473.0
383600 25069.8
383700 24716.5
383800 24634.2
383900 24267.1
384000 24141.5
384100 24089.6
384200 24072.7
384300 24048.6
384400 24048.6
384500 24013.6
384600 23437.0
384700 22925.6
384800 22925.6
384900 22778.8
385000 22778.8
385100 22778.8
385200 22778.8
385300 22625.3
385400 22468.8
385500 22415.2
385600 22415.2
385700 22345.4
385800 22264.3
385900 22141.4
386000 21938.9
386100 21938.9
386200 21774.0
386300 21599.6
386400 21599.6
386500 21599.6
386600 21599.6
386700 21599.6
386800 21559.7
386900 21464.9
387000 21449.3
387100 21431.9
387200 21241.7
387300 20823.6
387400 20666.9
387500 20254.2
387600 20252.3
387700 20136.5
387800 20136.5
387900 20106.3
388000 20106.3
388100 20026.3
388200 19997.4
388300 19928.4
388400 19874.8
388500 19720.7
388600 19705.7
388700 19659.8
388800 19659.8
388900 19642.7
389000 19622.5
389100 19619.2
389200 19515.4
389300 19515.4
389400 19373.0
389500 19327.1
389600 19282.7
389700 19248.8
389800 19248.8
389900 19211.2
390000 19171.6
390100 19144.9
390200 19080.0
390300 19059.7
390400 19024.6
390500 18939.5
390600 18930.2
390700 18930.2
390800 18928.8
390900 18907.1
391000 18907.1
391100 18903.8
391200 48692.0
391300 43424.5
391400 40712.4
391500 39644.1
391600 37733.4
391700 34979.3
391800 33794.7
391900 32540.2
392000 31452.9
392100 31055.0
392200 30516.1
392300 29634.7
392400 29388.8
392500 28933.9
392600 28568.2
392700 28568.2
392800 28045.1
392900 27566.6
393000 27049.7
393100 26946.8
393200 26786.9
393300 26786.9
393400 26786.9
393500 26334.3
393600 25898.5
393700 25809.6
393800 25212.3
393900 24803.5
394000 24712.0
394100 24633.8
394200 24551.2
394300 24128.1
394400 24108.6
394500 24088.5
394600 24076.4
394700 23989.7
394800 23901.4
394900 23901.4
395000 23901.4
395100 23901.4
395200 23499.3
395300 23486.5
395400 23236.3
395500 23172.6
395600 22849.5
395700 22698.9
395800 22698.2
395900 22651.9
396000 22642.8
396100 22609.9
396200 22531.0
396300 22225.3
396400 22225.3
396500 22075.9
396600 21976.4
396700 21781.1
396800 21505.2
396900 21505.1
397000 21457.3
397100 21383.7
397200 21383.7
397300 21358.9
397400 21358.9
397500 21358.9
397600 21195.6
397700 21116.8
397800 20841.7
397900 20605.4
398000 20485.3
398100 20397.6
398200 20350.8
398300 20278.2
398400 20246.2
398500 20246.2
398600 20234.4
398700 20234.0
398800 20074.6
398900 19989.3
399000 19989.3
399100 19989.3
399200 19943.1
399300 19943.1
399400 19943.1
399500 19933.5
399600 19631.6
399700 19598.3
399800 19596.1
399900 19596.1
400000 19554.2
400100 19489.8
400200 19409.1
400300 19384.1
400400 19353.7
400500 19323.0
400600 19253.2
400700 19253.2
400800 19223.7
400900 19152.9
401000 19108.8
401100 19108.8
401200 19108.8
401300 19108.8
401400 18936.3
401500 18824.0
401600 18824.0
401700 18823.7
401800 18810.2
401900 18810.2
402000 18759.6
402100 18759.6
402200 18726.2
402300 18536.5
402400 51322.2
402500 50498.4
402600 48875.9
402700 46568.0
402800 43705.1
402900 42072.1
403000 40577.3
403100 38761.0
403200 36778.7
403300 34732.0
403400 34541.0
403500 33983.0
403600 33713.6
403700 32937.3
403800 32585.9
403900 32188.2
404000 32124.4
404100 31998.7
404200 31988.8
404300 31988.8
404400 31715.6
404500 31465.1
404600 30874.2
404700 30755.0
404800 30472.0
404900 30458.1
405000 30458.1
405100 30458.1
405200 30346.8
405300 30050.0
405400 29896.8
405500 29677.8
405600 29420.5
405700 28453.5
405800 27931.2
405900 27423.9
406000 26981.6
406100 26653.8
406200 26218.8
406300 26081.1
406400 25971.0
406500 25682.7
406600 25682.7
406700 25682.7
406800 25682.7
406900 25602.3
407000 25527.4
407100 25518.2
407200 25518.2
407300 25428.6
407400 25342.1
407500 25063.5
407600 25063.5
407700 25030.2
407800 25027.7
407900 25027.7
408000 24992.1
408100 24918.5
408200 24602.8
408300 24475.7
408400 24306.0
408500 24109.7
408600 23973.5
408700 23868.1
408800 23485.5
408900 23485.5
409000 23367.6
409100 23318.6
409200 23232.3
409300 23117.8
409400 23088.3
409500 23021.9
409600 22921.5
409700 22791.2
409800 22769.2
409900 22597.4
410000 22462.7
410100 22462.7
410200 22417.9
410300 22413.7
410400 22403.4
410500 21947.0
410600 21913.7
410700 21819.0
410800 21795.1
410900 21795.1
411000 21653.4
411100 21569.1
411200 21569.1
411300 21544.6
411400 21368.9
411500 21201.0
411600 21127.5
411700 21045.9
411800 20842.9
411900 20789.0
412000 20537.4
412100 20537.4
412200 20421.8
412300 20299.3
412400 20177.3
412500 20123.7
412600 20123.7
412700 20119.3
412800 20061.7
412900 20042.0
413000 19938.5
413100 19866.8
413200 19866.8
413300 19587.1
413400 19583.2
413500 53340.8
413600 48864.4
413700 47546.9
413800 46970.8
413900 46970.8
414000 46684.1
414100 46504.4
414200 46357.0
414300 44451.6
414400 41230.0
414500 40491.2
414600 40184.0
414700 40092.2
414800 38487.8
414900 35584.0
415000 34173.8
415100 32183.2
415200 31612.7
415300 31464.6
415400 30980.8
415500 30718.0
415600 30262.3
415700 30000.9
415800 29989.5
415900 29838.9
416000 29093.3
416100 28502.6
416200 28255.8
416300 27654.7
416400 27654.7
416500 27357.4
416600 26913.2
416700 26913.2
416800 26782.9
416900 26687.2
417000 26557.2
417100 26548.8
417200 26545.3
417300 26481.7
417400 26118.9
417500 25930.1
417600 25762.8
417700 25465.3
417800 25355.0
417900 25291.2
418000 25272.2
418100 25048.8
418200 24690.6
418300 24690.6
418400 24644.7
418500 24299.6
418600 24000.1
418700 23786.2
418800 23679.5
418900 23302.6
419000 23057.9
419100 22864.4
419200 22856.9
419300 22837.7
419400 22788.0
419500 22599.4
419600 22373.8
419700 22373.8
419800 22370.2
419900 22198.0
420000 22123.5
420100 22123.5
420200 22123.5
420300 21965.0
420400 21693.2
420500 21661.1
420600 21661.1
420700 21441.2
420800 21441.2
420900 21441.2
421000 21404.8
421100 21339.2
421200 21300.3
421300 21300.3
421400 21300.3
421500 21300.3
421600 21146.4
421700 20964.8
421800 20937.8
421900 20706.7
422000 20577.6
422100 20571.4
422200 20571.4
422300 20359.7
422400 20270.6
422500 20174.0
422600 20174.0
422700 20174.0
422800 20174.0
422900 20174.0
423000 20146.5
423100 20146.5
423200 20098.2
423300 20098.2
423400 20061.7
423500 19973.1
423600 19894.5
423700 19862.3
423800 19809.7
423900 19809.7
424000 19805.5
424100 19805.5
424200 19793.9
424300 19793.9
424400 19793.9
424500 19771.2
424600 19771.2
424700 56962.2
424800 51313.3
424900 49488.3
425000 45982.1
425100 43026.8
425200 42077.9
425300 40482.1
425400 39458.3
425500 38212.3
425600 37161.6
425700 36902.3
425800 35480.6
425900 35078.7
426000 34918.9
426100 34707.9
426200 34616.5
426300 34034.0
426400 33883.3
426500 33572.0
426600 33468.2
426700 33130.8
426800 32819.0
426900 32780.0
427000 32487.1
427100 32026.5
427200 31767.0
427300 31718.2
427400 31362.2
427500 30800.4
427600 30034.3
427700 29655.6
427800 29655.6
427900 29161.0
428000 28941.5
428100 28749.5
428200 28711.1
428300 28637.5
428400 28545.4
428500 28413.3
428600 28350.7
428700 28350.7
428800 28167.5
428900 28159.8
429000 28119.4
429100 27869.0
429200 27836.5
429300 27829.4
429400 27762.0
429500 27261.3
429600 27066.8
429700 26913.8
429800 26911.0
429900 26850.2
430000 26789.5
430100 26679.2
430200 26479.9
430300 26378.8
430400 26368.0
430500 26217.1
430600 25877.9
430700 25378.4
430800 25283.0
430900 25197.5
431000 24941.1
431100 24926.8
431200 24713.2
431300 24603.9
431400 24585.5
431500 24572.3
431600 24558.4
431700 24385.3
431800 24385.3
431900 24290.8
432000 24210.3
432100 24144.8
432200 24006.9
432300 24001.7
432400 23684.6
432500 23644.0
432600 23602.2
432700 23533.8
432800 23449.2
432900 23361.2
433000 23361.2
433100 23361.2
433200 23218.7
433300 23218.7
433400 23147.5
433500 23106.5
433600 22961.1
433700 22961.1
433800 22961.1
433900 22889.1
434000 22851.6
434100 22851.6
434200 22837.5
434300 22821.1
434400 22722.2
434500 22695.1
434600 22484.1
434700 22440.2
434800 22323.5
434900 22259.1
435000 22247.2
435100 22247.2
435200 22185.9
435300 22185.9
435400 22142.5
435500 22056.6
435600 22056.6
435700 22056.6
435800 22036.1
435900 48153.8
436000 43685.5
436100 43409.3
436200 42979.9
436300 42979.9
436400 42872.9
436500 42872.9
436600 42321.1
436700 40228.9
436800 39899.0
436900 38265.4
437000 38067.5
437100 37963.6
437200 37963.6
437300 37951.6
437400 37918.2
437500 37918.2
437600 37727.7
437700 37607.5
437800 36176.1
437900 34813.0
438000 33276.9
438100 31565.6
438200 31428.4
438300 30858.4
438400 30742.4
438500 30680.6
438600 30476.1
438700 29872.9
438800 29385.9
438900 29214.0
439000 29214.0
439100 29086.5
439200 29072.7
439300 28775.0
439400 28755.4
439500 28269.7
439600 28159.9
439700 28103.6
439800 28088.9
439900 27983.6
440000 27566.6
440100 27353.0
440200 27246.9
440300 27066.3
440400 26946.1
440500 26907.7
440600 26879.0
440700 26696.0
440800 26633.5
440900 26593.7
441000 26543.3
441100 26526.4
441200 26497.9
441300 26416.2
441400 26378.2
441500 26378.2
441600 26196.6
441700 26046.5
441800 25861.3
441900 24870.3
442000 24815.7
442100 24708.6
442200 24664.5
442300 24414.4
442400 24325.7
442500 24325.7
442600 24276.6
442700 24182.7
442800 23776.9
442900 23645.4
443000 23605.7
443100 23584.0
443200 23468.4
443300 23325.7
443400 22899.7
443500 22771.6
443600 22734.6
443700 22734.6
443800 22721.7
443900 22507.0
444000 22507.0
444100 22469.2
444200 22351.4
444300 22206.7
444400 21842.3
444500 21842.3
444600 21841.3
444700 21809.9
444800 21704.7
444900 21680.4
445000 21619.1
445100 21609.7
445200 21495.1
445300 21492.1
445400 21463.2
445500 21463.2
445600 21427.8
445700 21420.1
445800 21410.5
445900 21356.0
446000 21020.5
446100 20761.8
446200 20678.0
446300 20664.9
446400 20664.9
446500 20664.9
446600 20654.2
446700 20595.9
446800 20490.8
446900 20386.0
447000 20323.0
