10000 49252.4
20000 43940.0
30000 47541.6
40000 46178.7
50000 44428.3
60000 42875.5
70000 39393.6
80000 37695.3
90000 43996.9
100000 38683.6
110000 38415.3
120000 33031.1
130000 32542.5
140000 38262.2
150000 32792.4
160000 35584.7
170000 32821.8
180000 25815.3
190000 23733.6
200000 24531.6
210000 21367.8
220000 19886.6
230000 21149.4
240000 19739.6
250000 16654.9
260000 15331.5
270000 15826.2
280000 14671.4
290000 14499.0
300000 12504.5
310000 12326.8
320000 11622.6
330000 11013.3
340000 10875.6
350000 11010.0
360000 10745.4
370000 10640.9
380000 10926.3
390000 10161.6
400000  9817.9
410000  9823.8
420000  9517.6
430000  9384.0
440000  9242.5
450000  9140.6
460000  9119.7
470000  8996.9
480000  8976.8
490000  8822.0
500000  8926.2
510000 49896.9
520000 46334.9
530000 44824.3
540000 46993.2
550000 45051.0
560000 40762.6
570000 45386.9
580000 38177.5
590000 43634.4
600000 39014.4
610000 40894.9
620000 40557.7
630000 35166.8
640000 32741.8
650000 38729.9
660000 33005.9
670000 31671.0
680000 26882.1
690000 25264.5
700000 23712.9
710000 20129.5
720000 17450.1
730000 18814.6
740000 15916.4
750000 15277.6
760000 13753.4
770000 13576.4
780000 11966.7
790000 11164.1
800000 11150.5
810000 10533.5
820000 10697.8
830000 10785.1
840000 10345.0
850000  9974.9
860000  9670.1
870000  9211.7
880000  9278.3
890000  9123.1
900000  9028.5
910000  8962.1
920000  8666.2
930000  8650.7
940000  8628.1
950000  8607.3
960000  8565.4
970000  8585.5
980000  8479.4
990000  8482.8
1000000  8385.6
1010000 45773.7
1020000 45368.9
1030000 51727.0
1040000 42613.4
1050000 43113.6
1060000 41132.5
1070000 39862.3
1080000 42153.8
1090000 40411.3
1100000 37590.0
1110000 35211.2
1120000 39258.8
1130000 37755.5
1140000 36861.3
1150000 29804.3
1160000 32045.7
1170000 27367.4
1180000 27606.9
1190000 25679.4
1200000 19817.9
1210000 18898.6
1220000 18357.3
1230000 18836.2
1240000 19113.8
1250000 16203.1
1260000 13935.2
1270000 13487.3
1280000 13191.8
1290000 12786.2
1300000 12933.0
1310000 12349.7
1320000 11615.2
1330000 11026.9
1340000 10823.3
1350000 10175.2
1360000 10523.3
1370000 10322.0
1380000 10169.8
1390000  9913.7
1400000  9689.1
1410000  9720.5
1420000  9457.9
1430000  9299.7
1440000  9387.1
1450000  9377.1
1460000  9289.0
1470000  9349.4
1480000  9134.4
1490000  9158.3
1500000  9034.3
